iteration,performance_mc,performance_true,alpha,beta,bound,policy_advantage,model_advantage,total_samples,avg_return
0,0.02494483649867776,0.02621357503118793,0.0011849196283027898,0.0001,1.832934911300835e-06,0.003093770864317987,4.739051855827225e-20,62219,0.02494483649867776
1,0.025584824530918964,0.026468833687571084,0.0011657517089516667,0.0001,1.7745480906319932e-06,0.0030444700651184172,1.1776470857373e-21,62153,0.025584824530918964
2,0.0260216921603005,0.02673723999410463,0.001201732466557687,0.0001,1.8837038112135425e-06,0.003134980311565243,5.038972903708667e-20,62094,0.0260216921603005
3,0.02713149368045966,0.026998650630711656,0.001195867901745334,0.0,1.8666341594894736e-06,0.003121806608848981,-3.678585418732739e-21,61941,0.02713149368045966
4,0.02910808185331809,0.02727920916249272,0.0012372711426249495,0.0,1.991386831591483e-06,0.003218998266405259,-4.9617333452952206e-21,61785,0.02910808185331809
5,0.025686962581880506,0.02753133106572364,0.0011207497039807863,0.0,1.6368093033052733e-06,0.0029209185556623345,-2.9992641061264437e-21,62008,0.025686962581880506
6,0.030418173866808507,0.027810710980802657,0.00122396781264409,0.0,1.950985798641069e-06,0.0031879691254730466,-4.672953892301007e-21,61650,0.030418173866808507
7,0.02687388268699303,0.028081994471498152,0.0011869617190370147,0.0,1.8333511195260034e-06,0.0030891495321574585,-5.15224575561064e-21,62077,0.02687388268699303
8,0.027153959919336362,0.02833910160812108,0.0011604838234279089,0.0,1.7520781150242337e-06,0.0030195649084514362,-4.53392961868801e-21,61967,0.027153959919336362
9,0.02855776107320251,0.02862404338867925,0.0012401435988873136,0.0,1.9960583322785026e-06,0.0032190761361336126,-7.063734146554786e-05,61895,0.02855776107320251
10,0.03347626107062847,0.02893922386365514,0.0013536009397770237,0.0,2.379350012000712e-06,0.0035155856383974698,-7.520260993686087e-05,61501,0.03347626107062847
11,0.0283189576361613,0.02922410940731386,0.0012206213064231038,0.0,1.936943665403712e-06,0.0031737012211915444,-6.568233907751375e-05,61821,0.0283189576361613
12,0.030153866299616798,0.02952796233489831,0.001307501117490469,0.0,2.2170170206776514e-06,0.0033912277259584254,-8.54685821880485e-05,61750,0.030153866299616798
13,0.029433797976763508,0.029827838818529955,0.0012734499039071439,0.0,2.101408608835728e-06,0.0033003396559036623,-6.760155996938346e-05,61919,0.029433797976763508
14,0.0317619571354644,0.03013339326788177,0.0013139889657985324,0.0,2.2395927749725776e-06,0.0034088456345773652,-8.368123889718911e-05,61749,0.0317619571354644
15,0.02672218923467186,0.03038609756007015,0.0010691184192419868,0.0,1.4821692530422944e-06,0.0027726942616762024,-5.245561003276927e-05,62029,0.02672218923467186
16,0.031266689698515815,0.030686010045704135,0.001264461902322342,0.0,2.071922976643583e-06,0.00327716157021139,-9.50333340854987e-05,61690,0.031266689698515815
17,0.03247308761416251,0.031012289850834818,0.0013672268185104274,0.0,2.4181095772702803e-06,0.0035372471407557277,-9.751080970253892e-05,61663,0.03247308761416251
18,0.027779898134538007,0.031245131122652793,0.0009916115546518868,0.0,1.5808418726621308e-06,0.0031884297137241367,-6.946886869438568e-05,61993,0.027779898134538007
19,0.02845107163485153,0.03153130058024928,0.001211887578739081,0.0,1.8899699471366392e-06,0.003119051602299737,-7.004614987786294e-05,61898,0.02845107163485153
20,0.03093193347135467,0.031836996309123795,0.001278224627804424,0.0,2.1089011552751937e-06,0.00329973481875029,-8.399983844332916e-05,61719,0.03093193347135467
21,0.031627957983463136,0.03214812115427572,0.0012856096848038515,0.0,2.1330188675997507e-06,0.003318299314033543,-6.937149291807712e-05,61784,0.031627957983463136
22,0.031461645712481695,0.03246210750507645,0.0013174468470966633,0.0,2.2424186965091595e-06,0.0034041884899583042,-8.830909315712729e-05,61495,0.031461645712481695
23,0.03416323257921767,0.032805244056072075,0.0014126014397423988,0.0,2.5726412194782232e-06,0.003642416250046253,-9.265909694653143e-05,61495,0.03416323257921767
24,0.03157408692927327,0.03311742687241148,0.0012739736831725874,0.0,2.0975404553862065e-06,0.003292910180315003,-7.902547766927039e-05,61767,0.03157408692927327
25,0.032679283194872975,0.033442260157614596,0.0013758800484897449,0.0,2.438748522144259e-06,0.003545001651591921,-7.903602174236932e-05,61622,0.032679283194872975
26,0.0304155341520762,0.03375273514596368,0.001257679394866352,0.0,2.0337776569883673e-06,0.003234175045389032,-8.694376106326376e-05,61801,0.0304155341520762
27,0.0358290778511984,0.034110804369703304,0.0014248264384455133,0.0,2.617790627909662e-06,0.0036745396593927233,-7.85457932093945e-05,61343,0.0358290778511984
28,0.03175996406696232,0.03443128719456476,0.0013043676086161903,0.0,2.1875839304857293e-06,0.0033542444875744,-7.275385941098479e-05,61644,0.03175996406696232
29,0.03522518450701033,0.03478989705791227,0.0014232337172376934,0.0,2.5962618866341804e-06,0.0036483985099414005,-3.0941570831535817e-07,61467,0.03522518450701033
30,0.03206926735372519,0.03511500902293667,0.0012864367580301182,0.0,2.1240051368318045e-06,0.003302152435513782,-5.456209748621673e-08,61623,0.03206926735372519
31,0.03531761669816613,0.035469459104392545,0.0014009897209011984,0.0001,2.5167694323879676e-06,0.0035928449650137815,1.1346027645120555e-06,61476,0.03531761669816613
32,0.036187908706697164,0.03583346351681008,0.0014247004523483904,0.0001,2.593941162015946e-06,0.003641384626137024,6.857335233709743e-06,61426,0.036187908706697164
33,0.03514161551336967,0.0361757516572693,0.0013548817230824232,0.0001,2.3494092786502997e-06,0.0034680654977104234,9.174440541845882e-07,61442,0.03514161551336967
34,0.03686836461837791,0.03653805039392406,0.0014309051892324768,0.0001,2.615331171920793e-06,0.0036554919104369588,4.4362195851302315e-06,61358,0.03686836461837791
35,0.04023761067540968,0.036939079605986316,0.001531222884945898,0.0001,2.9915730255001947e-06,0.003907429878317021,1.1493536849723816e-06,61100,0.04023761067540968
36,0.0371590923074054,0.037292321922563196,0.0014005990935092335,0.0001,2.513707076447901e-06,0.003589474087334655,5.558786654493679e-06,61054,0.0371590923074054
37,0.0374078706368678,0.03768853458333969,0.0015039135794816783,0.0001,2.884646426726737e-06,0.0038361864219896534,5.0022827675999325e-06,61397,0.0374078706368678
38,0.034149597489294053,0.03803778955094838,0.0013310743896881069,0.0001,2.2537473802287112e-06,0.003386358264704953,6.298416603809587e-06,61494,0.034149597489294053
39,0.03947229939425566,0.03840335873930294,0.0014077609135980161,0.0001,2.532675122545014e-06,0.0035981608781449894,3.763666045163746e-05,61174,0.03947229939425566
40,0.03889570086428856,0.03879400645368253,0.0014941856262383239,0.0001,2.8392497986045967e-06,0.003800397686534476,3.8456571646087914e-05,61191,0.03889570086428856
41,0.03942288968576731,0.03920052342183872,0.0015198121005098033,0.0001,2.9320107954173606e-06,0.0038583859076182538,3.610487926947247e-05,61150,0.03942288968576731
42,0.03832759440118806,0.03959571860003687,0.0015013468754583106,0.0001,2.8673921615437067e-06,0.0038197597216411278,3.503600994707235e-05,61156,0.03832759440118806
43,0.040707423972196316,0.04000625283226858,0.0015261950491405405,0.0001,2.959145673926726e-06,0.0038778079847567788,3.777525240750106e-05,60982,0.040707423972196316
44,0.04114019130868665,0.040424580270011876,0.0015631305337482856,0.0001,3.092197309816271e-06,0.0039564159781350855,4.0174192790129596e-05,61006,0.04114019130868665
45,0.04166020211315948,0.04084271315942685,0.0015602023786900955,0.0001,3.076321752800538e-06,0.003943490658414886,4.185475927021902e-05,61001,0.04166020211315948
46,0.039037222354972145,0.04123425530008627,0.001476442043049558,0.0001,2.7650610329739067e-06,0.0037455734154829886,3.853712143420243e-05,61060,0.039037222354972145
47,0.04090760461407905,0.041637434426482225,0.0014988044377520341,0.0001,2.849059523616057e-06,0.0038017762048919326,3.9196290789830775e-05,61087,0.04090760461407905
48,0.04299873329784677,0.04207705497861425,0.0015916090024477015,0.0001,3.1877893833278715e-06,0.004005744348549723,4.1912538680189594e-05,60847,0.04299873329784677
49,0.043256838936644795,0.04249756004579043,0.0015645796145433075,0.0,3.0915308269950128e-06,0.003951899664623222,-0.000142811226272027,60800,0.043256838936644795
50,0.04233618670560087,0.04293204895832688,0.00155946587694514,0.0,3.0622182499739813e-06,0.003927265476270124,-0.00014750027372395022,60836,0.04233618670560087
51,0.04325026998131086,0.04338236021538701,0.0016373854557894883,0.0,3.38744133554672e-06,0.004137622358338853,-0.0001511055078695516,60911,0.04325026998131086
52,0.045811267190765205,0.04383089094716695,0.001629621946878046,0.0,3.3502106208137303e-06,0.004111641509531592,-0.00013181384237382908,60649,0.045811267190765205
53,0.03858952583288414,0.04425841437650096,0.0015300943949682082,0.0,2.9477888264362905e-06,0.0038530810074597225,-0.0001400235626793,61191,0.03858952583288414
54,0.046294020254169246,0.04471286930629894,0.0016160522431448543,0.0,3.2819888340785835e-06,0.004061736058348954,-0.00015591559000448674,60731,0.046294020254169246
55,0.04422909796560513,0.045163753847960016,0.0016103810646552908,0.0,3.254527234292233e-06,0.004041934304522984,-0.00015091266550158104,60824,0.04422909796560513
56,0.045480201603632336,0.04561726564946708,0.001599659316121209,0.0,3.1951343793502367e-06,0.003994768569969851,-0.00014513803132126292,60720,0.045480201603632336
57,0.04412085635775333,0.04607213206679465,0.001591600234279427,0.0,3.179360741910592e-06,0.003995175011204996,-0.00014547737670848483,60954,0.04412085635775333
58,0.049648539133591685,0.046548996514581456,0.001699726896376809,0.0,3.6323428651055457e-06,0.00427403116682846,-0.00017460159185027937,60424,0.049648539133591685
59,0.04753100063502047,0.04703051218783114,0.001667011479993935,0.0001,3.4766361117452536e-06,0.0041711003834933435,4.944071207311096e-05,60607,0.04753100063502047
60,0.04721073781208085,0.047420269588931876,0.0013567673512631844,0.0001,2.814142082742686e-06,0.004148304541854797,5.0970906551411123e-05,60586,0.04721073781208085
61,0.04449767432380385,0.04786861608031604,0.0015537598749272624,0.0001,3.0221526624538975e-06,0.003890115469219948,5.01740995318546e-05,60803,0.04449767432380385
62,0.04626879495335742,0.04832857534437543,0.0016031756188852246,0.0001,3.216734662624649e-06,0.004012953571314189,5.5847706706613825e-05,60654,0.04626879495335742
63,0.048475307719860104,0.04882455184234549,0.0017133386496951653,0.0001,3.6564081132373246e-06,0.004268167433084951,6.104194645873479e-05,60437,0.048475307719860104
64,0.05208804178298714,0.0493322487776261,0.0017288226489199008,0.0001,3.702996178685128e-06,0.004283835801201022,5.6552109572046216e-05,60171,0.05208804178298714
65,0.046255069431534936,0.04979802509240826,0.0016018294536194637,0.0001,3.2106585307968413e-06,0.004008739536586867,5.459099163222432e-05,60661,0.046255069431534936
66,0.052305106597976,0.05031353596802464,0.0017522936164763114,0.0001,3.8172350170385315e-06,0.0043568440598609395,5.794975424477203e-05,60190,0.052305106597976
67,0.05223405670291986,0.05081831192295648,0.0017015998946235066,0.0001,3.6050567520541087e-06,0.004237255495190023,6.234113584663244e-05,60309,0.05223405670291986
68,0.05264643051547711,0.0513697900534289,0.0018538625415584645,0.0001,4.245022204925165e-06,0.0045796515219046945,5.8924954639550516e-05,60219,0.05264643051547711
69,0.04964019892846257,0.051859319894063005,0.001658831238865255,0.0,3.413175182354757e-06,0.004115156626408343,-4.5685193209666426e-05,60440,0.04964019892846257
70,0.04950024570125383,0.05236790939558932,0.0017389212264322766,0.0,3.773076772337801e-06,0.004339560314734874,-4.603209292300359e-05,60317,0.04950024570125383
71,0.05360428957287154,0.052880811128441264,0.0017309427667680584,0.0,3.7186022018874386e-06,0.004296620631577152,-5.031000511066739e-05,60112,0.05360428957287154
72,0.05318510760960514,0.053408674262062444,0.0017758860541502522,0.0,3.900694373327634e-06,0.004392955690160072,-4.836904138414166e-05,60254,0.05318510760960514
73,0.05250636981855565,0.05391292825411237,0.0017038650703825851,0.0,3.6121579061065926e-06,0.004239957692536675,-4.801560413685961e-05,60202,0.05250636981855565
74,0.0551181143305112,0.05446040213946591,0.0018147009708600471,0.0,4.038766719746803e-06,0.004451164995886565,-5.26166185097342e-05,60117,0.0551181143305112
75,0.05368809566440509,0.054982388355644875,0.0017515279293743133,0.0,3.815825575731117e-06,0.004357139285919602,-5.0709641793175996e-05,60095,0.05368809566440509
76,0.05325572684330271,0.05552473008409281,0.001808789369917627,0.0,4.060420603232851e-06,0.0044896555350917,-4.823297248647882e-05,60078,0.05325572684330271
77,0.05533895595028999,0.056058445813994794,0.001768729112732444,0.0,3.878938034448861e-06,0.004386130138895529,-5.1657736387999186e-05,59986,0.05533895595028999
78,0.05597101636493898,0.05661574443848011,0.0018152381997151462,0.0,4.055482730320083e-06,0.004468265080534868,-5.420012045381084e-05,60001,0.05597101636493898
79,0.05609932939552003,0.0571711403039754,0.0018124966028081116,0.0001,4.064943624888007e-06,0.004485463441520569,3.7258273693220825e-05,59959,0.05609932939552003
80,0.061512058194754596,0.05775677917992807,0.0019057574961113886,0.0001,4.491582548659652e-06,0.004713697894747387,3.5230449446814204e-05,59590,0.061512058194754596
81,0.05937301613188514,0.058312490532989175,0.0018499270440414848,0.0001,4.233249190274881e-06,0.004576666094925147,3.205950858858113e-05,59819,0.05937301613188514
82,0.05540287872382081,0.0588806563373834,0.0018293589586766486,0.0001,4.070818673017003e-06,0.004450541162202324,3.73347320355584e-05,59876,0.05540287872382081
83,0.06077310456504162,0.059453392258213944,0.0018505818533548577,0.0001,4.215956950867494e-06,0.004556358253729254,3.710549082092334e-05,59603,0.06077310456504162
84,0.057814555913652345,0.059919104862480255,0.0014789328338558811,0.0001,3.2560432079111974e-06,0.00440323337662607,3.578167903571347e-05,59796,0.057814555913652345
85,0.06646895623160495,0.06043485976454459,0.0016314748188494042,0.0001,3.954413053785989e-06,0.00484765441439646,4.2569525833953296e-05,59111,0.06646895623160495
86,0.058764501344094174,0.061013006626386604,0.0018272161152453187,0.0001,4.067819690535251e-06,0.004452477905153669,3.0409593112118128e-05,59935,0.058764501344094174
87,0.0606467617702984,0.06150704156744754,0.0015889020323917788,0.0001,3.7699244786958657e-06,0.004745320229745048,3.704535100385811e-05,59662,0.0606467617702984
88,0.06485957329251443,0.061992235401267484,0.0015596997173005969,0.0001,3.6177629649506317e-06,0.004639050613167983,4.387125817981096e-05,59455,0.06485957329251443
89,0.05997536832581922,0.06256831091434743,0.0018150761785184933,0.0001,3.984058163888422e-06,0.004389962483161782,9.485142596674065e-07,59583,0.05997536832581922
90,0.06357100179128768,0.06317387486653828,0.0019201641671020612,0.0001,4.478488217256195e-06,0.0046646930444652485,5.3716812575789e-06,59479,0.06357100179128768
91,0.06307586895266301,0.06377347208300818,0.001914730219974986,0.0001,4.505527897145348e-06,0.004706175157358938,6.396499187425317e-06,59493,0.06307586895266301
92,0.06482743301514637,0.06429222105510785,0.001624587633084972,0.0001,3.869318333368562e-06,0.004763446741276753,5.0817590642448255e-06,59246,0.06482743301514637
93,0.06377579319670378,0.06490876896463751,0.00194376286392742,0.0001,4.613274781542488e-06,0.004746746495836692,5.7820849577817e-06,59601,0.06377579319670378
94,0.06544901164613362,0.06554741009638806,0.001999213512626982,0.0001,4.826401621003299e-06,0.004828300319620559,3.084212657778738e-06,59374,0.06544901164613362
95,0.06413335475617624,0.06616734455216677,0.00192339167376012,0.0001,4.415233372281835e-06,0.004591091281632003,1.8241322483650387e-06,59450,0.06413335475617624
96,0.06310975936816153,0.06675673552419284,0.0018596341861374876,0.0001,4.219038119587463e-06,0.004537492535938503,7.960920992846327e-06,59487,0.06310975936816153
97,0.06308693000047227,0.06734543020728193,0.0018596276964039998,0.0001,4.20067860953558e-06,0.004517763009938515,1.3805778611788006e-06,59578,0.06308693000047227
98,0.06632564728424714,0.06797430692807027,0.001945241359492162,0.0001,4.557596281613608e-06,0.004685892842421822,4.616066831852806e-06,59357,0.06632564728424714
99,0.06645285382968975,0.06863515006086884,0.002012983067911488,0.0001,4.889475146409908e-06,0.004857939666112384,6.048181211217016e-05,59209,0.06645285382968975
100,0.06536972391787496,0.0692337534155745,0.0018907055543627806,0.0001,4.339304759253168e-06,0.004590143345419677,5.7266495391783696e-05,59483,0.06536972391787496
101,0.07193205610438932,0.06989411471095659,0.0020342672244438057,0.0001,4.982439244268421e-06,0.0048985100722258165,6.791603922969857e-05,58796,0.07193205610438932
102,0.07094410258482559,0.07056184944276397,0.002039513863066044,0.0001,5.001829188381186e-06,0.004904922961260808,6.516151269143871e-05,58938,0.07094410258482559
103,0.06770027173191265,0.07110096997865051,0.001652998121704388,0.0001,3.963304853062722e-06,0.0047952926274062585,6.121994284631976e-05,59327,0.06770027173191265
104,0.06996977161832871,0.07163394788086738,0.0016259108400803483,0.0001,3.847044231020395e-06,0.004732171206669961,6.16265543816459e-05,59088,0.06996977161832871
105,0.07050463844134136,0.07226833017788088,0.0019526123794724921,0.0001,4.60064523170498e-06,0.004712297514930092,7.042460838851912e-05,58914,0.07050463844134136
106,0.06980375899015132,0.07289138807759635,0.0019138337358276451,0.0001,4.404961929731881e-06,0.004603285904380755,6.315761700148585e-05,58934,0.06980375899015132
107,0.07615786398626105,0.0735974459249218,0.002159003078723234,0.0001,5.623733357274437e-06,0.005209564926234506,7.517111053113824e-05,58534,0.07615786398626105
108,0.07646872399264129,0.07428313640902154,0.002076592133581821,0.0001,5.156508722289998e-06,0.004966318266260372,6.98204421766414e-05,58590,0.07646872399264129
109,0.07369505926727535,0.07496908202909805,0.002069556307163245,0.0001,5.084095995774009e-06,0.004913223165928559,7.115581575702696e-05,58760,0.07369505926727535
110,0.07821304914232058,0.07567947624435581,0.0021247355844403065,0.0001,5.318184800643124e-06,0.00500597329812597,7.450661661630634e-05,58415,0.07821304914232058
111,0.07406391787222923,0.07638404530760004,0.002127363156579823,0.0001,5.366175074359657e-06,0.005044907408274284,7.173357019779718e-05,58804,0.07406391787222923
112,0.07338204522837556,0.07704430248530802,0.0020009702290737694,0.0001,4.785075197811949e-06,0.004782755013828382,7.379883863864651e-05,58722,0.07338204522837556
113,0.0768682033149836,0.0777599197733195,0.0021456177722931373,0.0001,5.466148311707438e-06,0.005095174343066212,7.806001898700417e-05,58445,0.0768682033149836
114,0.07436615882802812,0.07846999781912406,0.002131031950649331,0.0001,5.407057641136901e-06,0.005074590870858934,7.683763887272501e-05,58797,0.07436615882802812
115,0.08164091006995403,0.07920197769041287,0.002180626337184057,0.0001,5.6230709075035975e-06,0.005157298902263951,8.90928220988135e-05,58091,0.08164091006995403
116,0.07847926202959786,0.07990508885218754,0.0020999141884807428,0.0001,5.2377468550438035e-06,0.004988534182754616,8.164435844329961e-05,58391,0.07847926202959786
117,0.07920849252506539,0.08063775536274576,0.002180495629270139,0.0001,5.629530791840688e-06,0.005163533204352276,9.022476725145976e-05,58350,0.07920849252506539
118,0.0833676156681401,0.08127651968636443,0.001880434447797786,0.0001,5.03380726605112e-06,0.005353876889403203,9.712191388833168e-05,58059,0.0833676156681401
119,0.07991957960361307,0.08199365631982523,0.0021354511294485548,0.0001,5.371719129487533e-06,0.005030992332636234,5.1483905794264716e-05,58219,0.07991957960361307
120,0.08525291256773102,0.08278587998736164,0.002320406700935183,0.0001,6.251011951084523e-06,0.005387858902980418,5.150698178956435e-05,57884,0.08525291256773102
121,0.08244171817749904,0.0835237209722529,0.002160718380925558,0.0001,5.436825234472363e-06,0.005032423736908707,5.551478439371606e-05,58139,0.08244171817749904
122,0.0856511245321834,0.08414940559501695,0.0018315998215942652,0.0001,4.709176264673817e-06,0.005142145362926325,5.887320139716585e-05,57853,0.0856511245321834
123,0.08292073334501729,0.08489171024087006,0.0022149749326494787,0.0001,5.797435576995226e-06,0.005234764052214827,5.451764547967765e-05,58107,0.08292073334501729
124,0.0877460546129677,0.08564942748036591,0.002222245639911973,0.0001,5.7520811594882115e-06,0.005176818490431202,5.984244850848172e-05,57736,0.0877460546129677
125,0.0840597165430148,0.08638463028555242,0.0021726660745757876,0.0001,5.584371850720726e-06,0.005140570763329172,6.82533263575024e-05,57945,0.0840597165430148
126,0.08502960616620421,0.08715166211494622,0.002238244149414502,0.0001,5.87161419030804e-06,0.00524662529942856,6.802466532535598e-05,57851,0.08502960616620421
127,0.08520797893771055,0.08788988224640171,0.0021707567334636924,0.0001,5.521357150705683e-06,0.005087034457238072,6.543551961570393e-05,57794,0.08520797893771055
128,0.08703799826129857,0.08861551960288594,0.002146821844638961,0.0001,5.4446507719648925e-06,0.0050722893337062525,6.749377517473304e-05,57702,0.08703799826129857
129,0.0921594059566373,0.08944350048398522,0.002393288351074257,0.0001,6.653996532509933e-06,0.0055605472942892205,0.00012850664436361603,57391,0.0921594059566373
130,0.08855374227348546,0.09023154952194228,0.002286397908864626,0.0001,6.033579786362615e-06,0.00527780380044063,0.00012568469668567506,57513,0.08855374227348546
131,0.09161799091738045,0.0908764179385617,0.0018977269557181584,0.0001,5.038102733972736e-06,0.005309618139524358,0.0001352590282533048,57439,0.09161799091738045
132,0.08899944144133413,0.09162962244606726,0.002237898418795399,0.0001,5.916793032217837e-06,0.005287811977992003,0.00011620844206763784,57685,0.08899944144133413
133,0.0856308562342109,0.09240565849147694,0.002232369951916995,0.0001,5.720332633052181e-06,0.005124896640129007,0.00012072089567928319,57955,0.0856308562342109
134,0.0897533709863987,0.09321287934005751,0.0023143703673515464,0.0001,6.207907846256342e-06,0.0053646624013427655,0.0001254768156178612,57507,0.0897533709863987
135,0.0907159707312542,0.09398220005943336,0.0022220978876382196,0.0001,5.739972957555513e-06,0.005166264717218471,0.00013112486132517453,57591,0.0907159707312542
136,0.09504470826618017,0.09481319080572882,0.0024176749009648542,0.0001,6.77219480768172e-06,0.005602237757424746,0.0001362619716858426,57262,0.09504470826618017
137,0.09791428060346469,0.09548028636242109,0.0019366486579319756,0.0001,5.189595830545887e-06,0.005359357061788924,0.00013929642178578028,56931,0.09791428060346469
138,0.09565372912241896,0.09625090176970859,0.0022345614083910978,0.0001,5.8033320213746935e-06,0.005194157564506708,0.00014093562419168523,57224,0.09565372912241896
139,0.09296575797486066,0.0970285262558535,0.0022539065390519033,0.0001,5.869875978898099e-06,0.0052086241174554085,0.0001021183567601273,57293,0.09296575797486066
140,0.09958327030903194,0.0978416332222615,0.002373352473421488,0.0001,6.552484076140898e-06,0.005521711713300351,9.637574525364985e-05,56816,0.09958327030903194
141,0.09688703306831024,0.09864284115990682,0.002336271693946639,0.0001,6.294884025229883e-06,0.005388828740715513,0.00011444729732937943,57002,0.09688703306831024
142,0.10142246271116231,0.09952079217601753,0.002523419533062475,0.0001,7.381770359814851e-06,0.0058506088766430205,0.00010263496754788832,56687,0.10142246271116231
143,0.09959484898051332,0.10035345005765609,0.002387594299673692,0.0001,6.4468578135323215e-06,0.005400295866356692,0.00010701478708511937,56925,0.09959484898051332
144,0.09912812443803926,0.10118149163388149,0.002393052270404389,0.0001,6.63244949806162e-06,0.005543087863217327,0.00010883533511103386,56968,0.09912812443803926
145,0.10438154648946185,0.10191655064442165,0.0020810180764407227,0.0001,5.935862129390311e-06,0.005704767485290408,9.666198326721625e-05,56337,0.10438154648946185
146,0.10160657933589097,0.10273519233633933,0.002344092361290247,0.0001,6.330286704844072e-06,0.005401055700177037,0.00011167476077099506,56652,0.10160657933589097
147,0.1065298695882805,0.10361442092434725,0.0025226552156656485,0.0001,7.324930330771999e-06,0.00580731784929173,0.00010567433537813202,56282,0.1065298695882805
148,0.10233627315015013,0.10444788481126409,0.0024340302667377692,0.0001,6.859946477825524e-06,0.005636697761379631,0.000102211289356102,56539,0.10233627315015013
149,0.10521613878538202,0.10526977761223928,0.002368533481422548,0.0001,6.490466365982096e-06,0.005480578101926516,7.724587563900244e-05,56262,0.10521613878538202
150,0.10749976067375691,0.10616815367562821,0.0025658101972321555,0.0001,7.44590105193033e-06,0.005803937532061043,6.988358800498107e-05,56269,0.10749976067375691
151,0.10370878644505688,0.10687071578371315,0.0019880964324853812,0.0001,5.3250220810836e-06,0.005356905222576779,6.25327194102141e-05,56535,0.10370878644505688
152,0.10617768943077152,0.10772299661385201,0.002444825223978019,0.0001,6.776327611887653e-06,0.005543404530866028,7.260307673976439e-05,56313,0.10617768943077152
153,0.10630899990827211,0.108575219301319,0.002409673860908328,0.0001,6.504276100873327e-06,0.005398470063846347,6.58738615037108e-05,56351,0.10630899990827211
154,0.10186759000914516,0.10940521160894551,0.0023625396033936396,0.0001,6.335692285537916e-06,0.005363459115298718,7.295285539659523e-05,56657,0.10186759000914516
155,0.11189195799518413,0.11025846319884544,0.002447615204124677,0.0001,6.8720404108515056e-06,0.00561529475652126,5.7980862884252376e-05,56007,0.11189195799518413
156,0.11278952200265133,0.11114593613709112,0.0025264501892378636,0.0001,7.217795961717059e-06,0.005713784496890794,6.3016120272237e-05,55752,0.11278952200265133
157,0.10837885436532368,0.11187654531258312,0.0020792003029706523,0.0001,5.725573511518163e-06,0.005507476603709381,8.639222722702327e-05,56173,0.10837885436532368
158,0.10710453638346344,0.11272050912294548,0.002398626883748462,0.0001,6.4768864792668945e-06,0.005400495194271415,6.860379732923305e-05,56350,0.10710453638346344
159,0.11146419866838356,0.11357228447785037,0.0024693115874912692,0.0001,6.966703626999368e-06,0.005642628222611053,0.00011370905656432991,55988,0.11146419866838356
160,0.11419622792232839,0.11444828974893022,0.0024978415661103715,0.0001,6.9418945241330244e-06,0.005558314521079024,0.00012181910844561168,55717,0.11419622792232839
161,0.11097305775987869,0.11529523750497464,0.0024369801336058083,0.0001,6.725693986810161e-06,0.005519695375488086,0.00011199590582768756,55897,0.11097305775987869
162,0.11763906002328511,0.11617256819367999,0.0024970907866653253,0.0001,6.960104782063241e-06,0.005574570872016977,0.00012318249116556964,55700,0.11763906002328511
163,0.11519039623184324,0.11701140822184333,0.0024440875093422122,0.0001,6.799133113555306e-06,0.005563739504061527,0.0001189264485064088,55690,0.11519039623184324
164,0.11283577734797923,0.11788933641137164,0.002520591515789141,0.0001,7.206523055373522e-06,0.005718120536573591,0.00011327797305428537,55885,0.11283577734797923
165,0.11713952011279993,0.11877856348628174,0.0025255445163750515,0.0001,7.090105909267274e-06,0.005614714659192624,0.00012149317799847471,55443,0.11713952011279993
166,0.11896632807106433,0.11970745481548248,0.0026395988129206296,0.0001,7.761145841704143e-06,0.0058805495772417705,0.00012191988578150282,55229,0.11896632807106433
167,0.1207191909022558,0.12056643762761939,0.002442161878638517,0.0001,6.703297424272411e-06,0.005489642175570636,0.00012542633723090053,55311,0.1207191909022558
168,0.12747691301306419,0.12152668115930754,0.002708331872548518,0.0001,8.090550214476342e-06,0.005974563380863071,0.00013585543054232704,54637,0.12747691301306419
169,0.12068799660209865,0.12229827945343708,0.002194162357661666,0.0001,6.283964158343923e-06,0.005727893504691045,0.000159749319777864,55354,0.12068799660209865
170,0.11778398972146584,0.12316426284767365,0.002496561690551769,0.0001,7.010717247943061e-06,0.005616298026581999,0.00015641990829955035,55398,0.11778398972146584
171,0.12451917924082556,0.12406382416917455,0.002568493870314595,0.0001,7.302688178205177e-06,0.005686358268249033,0.00017231961135605922,55089,0.12451917924082556
172,0.12662194224829645,0.12501097703999908,0.0027045966979158077,0.0001,7.886151476008415e-06,0.005831665388104311,0.00017456351117623554,54782,0.12662194224829645
173,0.1224021384477947,0.1259002334553038,0.0025462558853049815,0.0001,7.1777733443485346e-06,0.005637904175910275,0.00015758115640150254,55145,0.1224021384477947
174,0.12536394912916027,0.1266921292621641,0.002239234858079653,0.0001,6.461715534567177e-06,0.005771360258395301,0.00017456954562474977,54958,0.12536394912916027
175,0.12802786431660437,0.127587379731696,0.0025640270387657423,0.0001,7.253773731288909e-06,0.0056581101693691125,0.00018030094087550228,54814,0.12802786431660437
176,0.12345947900908807,0.1283405813213921,0.002195447235441583,0.0001,6.254391935290658e-06,0.005697601686184616,0.00016819247688896154,55022,0.12345947900908807
177,0.12608135290708966,0.12925512879270296,0.00262644981925525,0.0001,7.481208367225405e-06,0.005696821856163815,0.00016745495403251617,54952,0.12608135290708966
178,0.12834711018948014,0.1301367616455563,0.0025522259504725323,0.0001,7.236772057920661e-06,0.005670949358210865,0.00018228432365592664,54720,0.12834711018948014
179,0.13346443736366848,0.1309252490545475,0.0022769707057766204,0.0001,6.396114633116354e-06,0.005618091279689777,0.0002536880009679958,54326,0.13346443736366848
180,0.12867943015587258,0.1318443051430335,0.0026094772746509606,0.0001,7.426367810611466e-06,0.005691843253630023,0.00025467548469024665,54665,0.12867943015587258
181,0.1308256684245927,0.13273926798178876,0.00260156695247157,0.0001,7.5169048098597215e-06,0.005778751765522257,0.0002570524526962593,54464,0.1308256684245927
182,0.1312711799802067,0.1335251792410464,0.0022345358102584703,0.0001,6.375217294610963e-06,0.005706077535516012,0.00026651940693850346,54391,0.1312711799802067
183,0.13376632770375574,0.13444964503933282,0.002643397022814131,0.0001,7.564407963261467e-06,0.005723247698303362,0.00026378002313944465,54233,0.13376632770375574
184,0.1362360480624528,0.135383396211073,0.0026823126876029473,0.0001,7.798598032317544e-06,0.005814831409000843,0.00026940479685666377,53965,0.1362360480624528
185,0.12850571848574321,0.13626003013221213,0.0025430609415470744,0.0001,7.163291709238563e-06,0.005633598151116871,0.0002551135739916129,54635,0.12850571848574321
186,0.1388892766758063,0.13705565145995993,0.002300522150758702,0.0001,6.691974813674188e-06,0.005817787767413762,0.00027761237635421363,54054,0.1388892766758063
187,0.14105379375549165,0.13784122771045287,0.0022768347685082346,0.0001,6.670323404035681e-06,0.005859295102389908,0.0002759946738188974,53763,0.14105379375549165
188,0.1380742597953905,0.13870799689533067,0.002516368738251942,0.0001,6.9518625619676135e-06,0.005525313088094471,0.0002642117175594205,54094,0.1380742597953905
189,0.14333167108063471,0.13963841610819655,0.0026863815778189956,0.0001,7.739762121381311e-06,0.005762220963162669,0.00014957367346986284,53580,0.14333167108063471
190,0.13944978656767176,0.14053287587957491,0.0026420666298840254,0.0001,7.559158370969369e-06,0.00572215574389294,0.00011332572306014366,53925,0.13944978656767176
191,0.13934119316695304,0.14139977977247953,0.0025708584686789516,0.0001,7.205277553165286e-06,0.0056053475062497315,0.0001414995718664935,53813,0.13934119316695304
192,0.13900936322525692,0.1422624732100108,0.0026446033659095316,0.0001,7.7660361886287e-06,0.005873119794625842,0.00012937536984669178,54031,0.13900936322525692
193,0.14711757968891043,0.143184195707649,0.002691104206895585,0.0001,7.853150970093712e-06,0.005836378204880427,0.00013316419448526585,53421,0.14711757968891043
194,0.14478555673157864,0.14407893713315656,0.0026755429075922318,0.0001,7.860639323194324e-06,0.005875920958612658,0.00014146673637109342,53422,0.14478555673157864
195,0.14323144743034422,0.14496385803088435,0.002616822980270399,0.0001,7.490546571717116e-06,0.005724916532904422,0.00014460798000031196,53716,0.14323144743034422
196,0.14413778205246797,0.14585568901784685,0.0026468353807704596,0.0001,7.632262157632348e-06,0.00576708488414621,0.0001311081815422169,53500,0.14413778205246797
197,0.14263520614699648,0.14671455233187625,0.0025413890576759628,0.0001,7.023790172577435e-06,0.005527520590649365,0.00011935976691194878,53712,0.14263520614699648
198,0.14395534196530083,0.14763919319120833,0.0027254477928168653,0.0001,8.016218509513473e-06,0.005882496469490886,0.00013413749817603877,53560,0.14395534196530083
199,0.14778054126695123,0.1484989658160923,0.002538561153279597,0.0001,6.947063612501265e-06,0.00547322927677064,0.00018627750943185062,53212,0.14778054126695123
200,0.14638199530474194,0.14924896436263155,0.002202166393887355,0.0001,6.089994692205539e-06,0.0055309123861936975,0.00018936229516661505,53218,0.14638199530474194
201,0.14575605616592702,0.15018120794707043,0.0027183838181535492,0.0001,7.683533426773406e-06,0.005653015865870194,0.00018733492146091058,53378,0.14575605616592702
202,0.1508321254875588,0.15100751840740645,0.002431249074622337,0.0001,6.953391655825677e-06,0.005720015878591785,0.00019435054330634656,52858,0.1508321254875588
203,0.15242743580762358,0.15194859757606577,0.0027431851166324576,0.0001,7.983943763112556e-06,0.005820929630089031,0.00020038280553070166,52754,0.15242743580762358
204,0.14988611467853902,0.15273582846193082,0.0022983006550579372,0.0001,6.479911292120589e-06,0.005638871727125917,0.00019069242741134127,52965,0.14988611467853902
205,0.15043935479330284,0.15352233837432466,0.0023873436630266823,0.0001,6.7187441326763145e-06,0.005628635907541079,0.00018160775462303195,53021,0.15043935479330284
206,0.15506860228226335,0.15443781553505798,0.002753698833959508,0.0001,7.9524667171315e-06,0.005775843472103119,0.0002125010482320893,52660,0.15506860228226335
207,0.1575436597681952,0.15538493089646543,0.0028017896978425306,0.0001,8.366806920848391e-06,0.005972473185472204,0.00020394498989911934,52480,0.1575436597681952
208,0.15465836569655295,0.15619515737871778,0.002430265054264069,0.0001,6.861906080384679e-06,0.005647043369483495,0.0001977424207309904,52759,0.15465836569655295
209,0.15525291743185077,0.15707476842080106,0.002617496974242734,0.0001,7.345115848933469e-06,0.005612320412372952,0.0002233291052539139,52665,0.15525291743185077
210,0.15378403700435375,0.1578197420144718,0.002262107234120528,0.0001,6.353860550704262e-06,0.005617647523393863,0.0002296478156469336,52845,0.15378403700435375
211,0.1540939277042383,0.1586778168131687,0.0026354344019746284,0.0001,7.502429230862867e-06,0.005693504816694803,0.00022868258243377844,52638,0.1540939277042383
212,0.1597236810694052,0.15946445172252427,0.0023599715485129427,0.0001,6.866045480439573e-06,0.005818752759766094,0.00023597056285554695,52327,0.1597236810694052
213,0.16011715776165175,0.1603727342255767,0.002771023445784836,0.0001,8.186554305368543e-06,0.005908686422571837,0.00023939236823263135,52340,0.16011715776165175
214,0.16034858031914662,0.1612811374657207,0.002738252996000485,0.0001,8.002323773067253e-06,0.005844838869714023,0.00023292908757062744,52374,0.16034858031914662
215,0.16650096635966993,0.16217928383887636,0.0027456193016909907,0.0001,7.94928559640377e-06,0.005790522809559149,0.00024582723486949804,51711,0.16650096635966993
216,0.16467671668827563,0.16295579172282046,0.002339705758630842,0.0001,6.6208123862575844e-06,0.005659525657732258,0.00022950424314329128,51901,0.16467671668827563
217,0.16570995552792367,0.16375078347552258,0.0023644760767105363,0.0001,6.691252012341623e-06,0.005659817900674645,0.00024475502574437027,51871,0.16570995552792367
218,0.16206282321738694,0.16467086527385627,0.002764615262647646,0.0001,7.832223165214881e-06,0.005666049284350716,0.00024226915103795326,52162,0.16206282321738694
219,0.1634066742581898,0.16542600222075354,0.002313600242940602,0.0001,6.4433732070815006e-06,0.0055699970007713415,0.00021444188902204107,51922,0.1634066742581898
220,0.16130817347853937,0.16629402893433573,0.0026572618420058255,0.0001,7.477632299310315e-06,0.005628073365676186,0.00020191787404983373,52328,0.16130817347853937
221,0.170911455938433,0.1671860493760657,0.0027308843002134546,0.0001,7.914033158711265e-06,0.005795949069019641,0.00022402292614807866,51462,0.170911455938433
222,0.16856930515834143,0.16808062773387195,0.0027363693425264545,0.0001,7.75395483847779e-06,0.005667330588727225,0.00021237448099126262,51612,0.16856930515834143
223,0.17389347878766348,0.1689889402305631,0.00282573590703277,0.0001,8.413785333236488e-06,0.0059551108879609205,0.00022050321769919492,51346,0.17389347878766348
224,0.16908015568971774,0.16988485574892828,0.002776228791553586,0.0001,8.155530182091178e-06,0.005875257980828965,0.00021768819344438262,51511,0.16908015568971774
225,0.16742163587464218,0.1707821382263619,0.002756985853896746,0.0001,7.863216342264882e-06,0.0057042123238688,0.00022349553644648748,51700,0.16742163587464218
226,0.1693777407076616,0.17169224194181248,0.002810299873053638,0.0001,8.219869428335194e-06,0.005849816602954604,0.00022496734783421617,51612,0.1693777407076616
227,0.17616288542174163,0.17258389634850704,0.0028011404330080553,0.0001,8.218646690330221e-06,0.005868071870644828,0.00023623615588894367,51019,0.17616288542174163
228,0.17237792426205872,0.1734772440325533,0.002764672205731472,0.0001,8.0182674589136e-06,0.0058005194556452954,0.0002283929970011829,51299,0.17237792426205872
229,0.17362293745763221,0.17432682662572874,0.00267056367467185,0.0001,7.480390116764518e-06,0.0056021057934023495,0.00021720547383084085,51234,0.17362293745763221
230,0.17479291923939522,0.1751854936676457,0.0027038310033271505,0.0001,7.612927414219453e-06,0.005631215416090355,0.0002330948540471862,51092,0.17479291923939522
231,0.17811391277800742,0.17604612936856182,0.0027086740673570734,0.0001,7.686035840096784e-06,0.005675127866230326,0.00022753871942087119,50871,0.17811391277800742
232,0.1768711828537661,0.17681468972224745,0.0024283806065385958,0.0001,6.942171346613768e-06,0.005717531533501342,0.000238978854752207,50880,0.1768711828537661
233,0.17795714872265367,0.17770851973002524,0.0028024426741146847,0.0001,7.911854437653772e-06,0.005646398772565932,0.00023306926915744132,50880,0.17795714872265367
234,0.1766589743962531,0.17850502967958715,0.002465661120609306,0.0001,7.0608084957591256e-06,0.005727314623036503,0.00022737908987494897,51040,0.1766589743962531
235,0.1758313137046941,0.17934079366730554,0.0026827258905637898,0.0001,7.461792515530998e-06,0.00556284377899142,0.00023124683579597627,51027,0.1758313137046941
236,0.1743448720344308,0.18020178689393923,0.0027275310608850544,0.0001,7.685654961868295e-06,0.005635613153658741,0.00023097233933541645,50949,0.1743448720344308
237,0.18280039603862697,0.18107596276051624,0.0027285025448740186,0.0001,7.617971048247114e-06,0.005583994094166296,0.00023257325255121488,50541,0.18280039603862697
238,0.17650814857775798,0.18191275014662878,0.002712203291374498,0.0001,7.77548612977858e-06,0.005733704515813117,0.0002320123116208892,50990,0.17650814857775798
239,0.1775636067449036,0.18273408511675832,0.0026350836886254304,0.0001,7.227204580763728e-06,0.005485370056336798,0.0002475470652313459,50948,0.1775636067449036
240,0.18255661968506487,0.18360887061441294,0.002770184897114181,0.0001,7.640480106639965e-06,0.005516223927579257,0.00021792210280395651,50448,0.18255661968506487
241,0.177606802693417,0.18444376695331766,0.0026890556189340486,0.0001,7.495250871371022e-06,0.0055746343203880375,0.00023672439097254943,50798,0.177606802693417
242,0.18781366867473276,0.18531200650827995,0.0028141233852626095,0.0001,8.012495772436273e-06,0.005694487892320016,0.0002444587569394003,50033,0.18781366867473276
243,0.18135503942734332,0.18615188460042364,0.002700857989721544,0.0001,7.417723886697703e-06,0.005492864796984357,0.0002403216666987214,50483,0.18135503942734332
244,0.18379215529569876,0.18688907074404548,0.002351538093991087,0.0001,6.425161146289781e-06,0.005464645597456465,0.0002530806695650561,50509,0.18379215529569876
245,0.18994145790249514,0.18760244118274005,0.0023983600569189817,0.0001,6.797037972584606e-06,0.0056680713581565585,0.00026756974524601144,49831,0.18994145790249514
246,0.18293404142770658,0.1883585149352871,0.002378212097089712,0.0001,6.539015644768801e-06,0.005499102163991837,0.000249926329356398,50209,0.18293404142770658
247,0.18990740140015816,0.1891909430208753,0.002704824158457015,0.0001,7.464764481074691e-06,0.00551959317409603,0.0002585134863076253,49906,0.18990740140015816
248,0.18939894198818186,0.1900654379439498,0.0028041550483483718,0.0001,7.927793134606115e-06,0.005654318679186826,0.0002555232294943463,49716,0.18939894198818186
249,0.1903666493807876,0.1908254412867948,0.0024594513098298416,0.0001,6.95689496974377e-06,0.005657273995983344,0.00023222726910383004,49797,0.1903666493807876
250,0.1889392616313601,0.19160326093676844,0.0025593314005460137,0.0001,7.09473798935036e-06,0.005544212045252719,0.00022308183830056612,50084,0.1889392616313601
251,0.1888533359744098,0.1923999929220914,0.0025968768680592618,0.0001,7.1892454523890785e-06,0.005536839686790276,0.0002270765609871719,50120,0.1888533359744098
252,0.19424951202097296,0.19314326257901915,0.002462718275781709,0.0001,7.057779598354827e-06,0.005731698723122982,0.00024025159844019275,49397,0.19424951202097296
253,0.19346553678623277,0.1938820712601132,0.002433939162057348,0.0001,6.822884208083229e-06,0.005606454191168866,0.0002373647781300787,49556,0.19346553678623277
254,0.19727502861719448,0.19474274556988067,0.0028571013736237764,0.0001,8.239548413607592e-06,0.005767767633079845,0.0002580515052236127,49206,0.19727502861719448
255,0.19621470121528456,0.19553182729723154,0.0026318462518387232,0.0001,6.8903770620590985e-06,0.005236154701092572,0.0002515678054291232,49306,0.19621470121528456
256,0.19476655377465396,0.1962917075278168,0.0026296037534409133,0.0001,7.169233358067951e-06,0.0054527100128198384,0.00024710387896289225,49558,0.19476655377465396
257,0.20016576578513784,0.19708251178658567,0.0026964539071706924,0.0001,7.401645164260169e-06,0.005489910392739843,0.00026312808627146345,48959,0.20016576578513784
258,0.19090770857091796,0.19783686366700545,0.0025943998104504856,0.0001,6.875946638542085e-06,0.005300606799958222,0.0002352374951987214,49870,0.19090770857091796
259,0.20327510229981105,0.19865538780733039,0.0027494009570636236,0.0001,7.585005169391201e-06,0.005517569308982878,0.0003052272999093336,48799,0.20327510229981105
260,0.19777897345898598,0.19944916273464158,0.0026426125365176865,0.0001,6.988637472291805e-06,0.005289188161879465,0.00030651506605090383,49255,0.19777897345898598
261,0.19954792760393572,0.2002381957943509,0.0026672215608188467,0.0001,7.235418487417281e-06,0.005425434912273266,0.0003173787932722595,49150,0.19954792760393572
262,0.19695097591912297,0.20105386371253287,0.002746337000957863,0.0001,7.452865296114951e-06,0.005427495091473154,0.0002982371063259212,49352,0.19695097591912297
263,0.19891814140978048,0.20186989176291176,0.0027351143190449696,0.0001,7.449842824981497e-06,0.005447554987451338,0.00030116884902665116,49131,0.19891814140978048
264,0.2010248989387706,0.20268130492495892,0.0027170487757001375,0.0001,7.277807344103495e-06,0.005357141475848646,0.0003093048880827287,49081,0.2010248989387706
265,0.20500092757298113,0.203334098020552,0.002313708136110179,0.0001,6.187808937189951e-06,0.005348824115381238,0.00030728161507961746,48654,0.20500092757298113
266,0.2092463766107951,0.20412518294251072,0.0027756907031318387,0.0001,7.746491435369133e-06,0.005581667601962056,0.00031194342038855623,48333,0.2092463766107951
267,0.20492079555155207,0.20488547377146632,0.002712167430664634,0.0001,7.425374133249838e-06,0.005475601579235984,0.0003116722226355987,48636,0.20492079555155207
268,0.20966102377458773,0.20573183915648302,0.0028632945493832435,0.0001,8.024130459374613e-06,0.00560482361907406,0.00030195605188434993,48456,0.20966102377458773
269,0.20334671033766083,0.20652509276221848,0.0026943077890610396,0.0001,7.223984092237228e-06,0.005362404489618293,0.00021092392006427746,48879,0.20334671033766083
270,0.19772509397608617,0.2073614492262112,0.0028410782468848124,0.0001,7.745317869322765e-06,0.005452379129519121,0.00020854988216568673,49236,0.19772509397608617
271,0.20539011406960048,0.20817151534509443,0.002783489687653636,0.0001,7.629284671534132e-06,0.005481812780104313,0.00022353349511303918,48670,0.20539011406960048
272,0.20662635256510287,0.2089584609722684,0.0027516675575040873,0.0001,7.586122402815298e-06,0.005513836424118271,0.00022348487279390136,48637,0.20662635256510287
273,0.2087903077111819,0.20968768417668682,0.0025015660501386226,0.0001,6.953382084136942e-06,0.005559223258367792,0.0002359410380009733,48417,0.2087903077111819
274,0.2120384905144237,0.21039424052944405,0.0024545901876668256,0.0001,6.660623580249798e-06,0.005427075862778507,0.00022918756355237252,48031,0.2120384905144237
275,0.20655969898128043,0.21108709319624677,0.0024225729467481933,0.0001,6.375277610842384e-06,0.005263228601144816,0.00023994138140787276,48493,0.20655969898128043
276,0.2174684789571417,0.21181016695209515,0.0025491797340458536,0.0001,7.215772517756261e-06,0.005661250496687391,0.0002430880159213607,47693,0.2174684789571417
277,0.2074449571172104,0.2124883822193544,0.0024542160556211014,0.0001,6.7443196783305686e-06,0.005496109165192262,0.00023661393031856323,48567,0.2074449571172104
278,0.21274778321479187,0.21322093506294038,0.0026660222249024193,0.0001,7.048011626290584e-06,0.005287286475302021,0.00022182545084200184,48104,0.21274778321479187
279,0.21311950482494524,0.21390433392424021,0.002403546007495833,0.0001,6.32883950173991e-06,0.005266252014317543,0.00017370638215128418,47903,0.21311950482494524
280,0.20939716619455867,0.21456453819596716,0.0024375107866075932,0.0001,6.5233520077904776e-06,0.005352470268957747,0.0001652506922692881,48367,0.20939716619455867
281,0.21500953046832774,0.2153265879375075,0.0027270697189971205,0.0001,7.252288880537122e-06,0.005318741086827916,0.00018148950827320294,47907,0.21500953046832774
282,0.215344895372083,0.216049574686834,0.0025527647803794042,0.0001,7.068281115410426e-06,0.005537745717691941,0.00018677569078369828,47624,0.215344895372083
283,0.21104591888581403,0.216817638181386,0.002697566048577955,0.0001,6.937662732498963e-06,0.005143646240770424,0.0001744563067845269,48256,0.21104591888581403
284,0.21947890099055894,0.21755632936502722,0.002649529768380782,0.0001,7.554452230020698e-06,0.0057024852637435975,0.00016228992302474385,47427,0.21947890099055894
285,0.22061619240051916,0.21830066096859027,0.002720640564142525,0.0001,7.25153967611795e-06,0.005330759065855099,0.0001869569490339314,47477,0.22061619240051916
286,0.21811405736172723,0.21910120471483585,0.0028810007816269215,0.0001,7.926278714362131e-06,0.005502448152677074,0.0001830930427432923,47679,0.21811405736172723
287,0.22742191160671182,0.21983084217606796,0.0026790269002070315,0.0001,6.969010299247361e-06,0.00520264301841001,0.00019941378945960845,46918,0.22742191160671182
288,0.22141538320366638,0.2206311612501936,0.0028268514172258624,0.0001,7.4235084028824185e-06,0.005252139081414826,0.0001902538460302007,47249,0.22141538320366638
289,0.21940926230224647,0.22141351911918505,0.002814237220965576,0.0001,7.54518464264973e-06,0.005362152548079047,0.0003098719085241801,47414,0.21940926230224647
290,0.21508099722255472,0.2220690325027544,0.002429293510457746,0.0001,6.307132209988895e-06,0.0051925649847065665,0.0002877465847533352,47916,0.21508099722255472
291,0.2227722086967309,0.2227525648078299,0.0024761030470997493,0.0001,6.530665558541599e-06,0.005274954583324749,0.0003092015910391892,47203,0.2227722086967309
292,0.22695589787441175,0.22346843925574295,0.0025622767105480614,0.0001,7.0242085195541e-06,0.005482786843932752,0.00034950478202999815,46793,0.22695589787441175
293,0.2194336243988467,0.22408736841064025,0.0024028991255479527,0.0001,6.206506925409228e-06,0.005165848919266561,0.00031146681293190055,47446,0.2194336243988467
294,0.23018675837182812,0.22477506676300202,0.002530134022409705,0.0001,7.005115745554697e-06,0.005537347574088594,0.0003249640956587892,46685,0.23018675837182812
295,0.22462617452222072,0.22555839294318528,0.0029053058568507474,0.0001,8.170684321730568e-06,0.005624663787094218,0.0003116252028689886,47033,0.22462617452222072
296,0.22406490433932716,0.22632694232894224,0.0028385841170047725,0.0001,7.616136565694316e-06,0.005366151751550514,0.0003085159817025065,47086,0.22406490433932716
297,0.22391927242940246,0.22703266819045975,0.0027270273747157514,0.0001,7.250312844874257e-06,0.005317374451094379,0.00031677270086117064,47143,0.22391927242940246
298,0.22707319665859363,0.22768360210976152,0.002486061454797059,0.0001,6.683206776843386e-06,0.0053765418903443385,0.00032804631430799513,46948,0.22707319665859363
299,0.22566208593024387,0.228404517886842,0.002653505586980113,0.0001,7.279401826170579e-06,0.005486630110664345,0.00022139930708175358,47029,0.22566208593024387
300,0.226004972894334,0.22917108826902738,0.0028130851266541857,0.0001,7.2333940017777395e-06,0.005142676937317542,0.00021832301943059646,46957,0.226004972894334
301,0.22856412774415347,0.2298000553613369,0.0024047538018940936,0.0001,6.171666220754667e-06,0.005132888211586219,0.00021410921876324106,46644,0.22856412774415347
302,0.23086964773233987,0.2304586081297476,0.0024737904078180437,0.0001,6.3441318662741305e-06,0.005129077909126377,0.00022137597230155708,46539,0.23086964773233987
303,0.23179237249710982,0.23121370193135443,0.0028283150870005496,0.0001,7.5515030210441426e-06,0.005339930516053338,0.00021590112171675154,46373,0.23179237249710982
304,0.23402747077164496,0.23193725423309142,0.002725434126857318,0.0001,7.016506823037879e-06,0.0051489094921758904,0.0002105446143497423,46316,0.23402747077164496
305,0.22638095214233084,0.23260871887233342,0.0025119807568186165,0.0001,6.590145378472686e-06,0.005246971228250172,0.00022745017508731072,46841,0.22638095214233084
306,0.2319381217150676,0.23332917872114092,0.002742016144983157,0.0001,6.978799062316619e-06,0.005090268396183704,0.00022359655409665116,46555,0.2319381217150676
307,0.23040461296564543,0.23401879073672965,0.0027205484861606544,0.0001,7.06790523967328e-06,0.005195941388751198,0.0002236334565793045,46529,0.23040461296564543
308,0.23733291050436395,0.23463265528772406,0.00250860037388701,0.0001,6.670052459892453e-06,0.0053177481190895175,0.0002233461891043056,46124,0.23733291050436395
309,0.23430400504311685,0.23527670596197753,0.002516028151056248,0.0001,6.535446070288035e-06,0.005195050037531897,0.0003544635486797271,46299,0.23430400504311685
310,0.2392619433588745,0.23594631065757027,0.0027089298128517266,0.0001,7.1016867484704225e-06,0.005243167774062321,0.00034901010132010787,45774,0.2392619433588745
311,0.23489901325061852,0.2366072971577417,0.002639511643046429,0.0001,6.725484075440376e-06,0.005096006371601427,0.0003575121539621581,46308,0.23489901325061852
312,0.2337506831960224,0.237310608684639,0.0027653036163703287,0.0001,7.222684371787796e-06,0.005223791217015164,0.0003560853774633516,46342,0.2337506831960224
313,0.23714767610317797,0.23798460035400817,0.0026952412970822986,0.0001,6.792277305412824e-06,0.005040199786761744,0.00034705702980043025,46212,0.23714767610317797
314,0.2390198240084325,0.23869069779976054,0.0027890229859782903,0.0001,7.309570112304089e-06,0.0052416707564280985,0.00036473110360949205,46003,0.2390198240084325
315,0.23685328264360428,0.23929379734046824,0.0024023935548125076,0.0001,6.05987622289876e-06,0.005044865534840895,0.0003644963284553167,46098,0.23685328264360428
316,0.24377925757103736,0.23997213244849286,0.0026720757699442844,0.0001,6.761715285475454e-06,0.005061020620396885,0.00035220393265764533,45498,0.24377925757103736
317,0.2339680238795112,0.2406791871873549,0.002739508520633406,0.0001,7.010394710180401e-06,0.005117994455851895,0.00035700323548623365,46230,0.2339680238795112
318,0.24288844194408182,0.2414019168616739,0.00284055233395713,0.0001,7.336921042749572e-06,0.005165841132403022,0.0003490893345586344,45642,0.24288844194408182
319,0.2421037772987737,0.24208082782452178,0.0027135905405800353,0.0001,6.96247378736843e-06,0.005131558120688457,0.00022636566221336747,45680,0.2421037772987737
320,0.24511663773971518,0.2427369274994488,0.002696205764261192,0.0001,6.895630634209016e-06,0.005115062600645792,0.00021159864823399037,45261,0.24511663773971518
321,0.24457072661113555,0.24333050181271082,0.0023645698543964997,0.0001,5.75472816102896e-06,0.004867463018974939,0.0002018879549338704,45358,0.24457072661113555
322,0.2378399661712382,0.24395496707595798,0.002502235057583976,0.0001,6.214174776390349e-06,0.004966899298733687,0.0001927430286113362,45984,0.2378399661712382
323,0.24024279446662308,0.24454923391823047,0.002434842135006261,0.0001,6.032233647462125e-06,0.004954927927963276,0.00020764289005382463,45765,0.24024279446662308
324,0.24026933830070035,0.24520882601409055,0.002646142709657225,0.0001,6.458570837896018e-06,0.004881498502953111,0.00020074855599576397,45884,0.24026933830070035
325,0.24271529972466763,0.24581575373543763,0.0025071238230515735,0.0001,6.370070946524338e-06,0.005081576656051184,0.00020117990445756728,45618,0.24271529972466763
326,0.24672453986481488,0.24642974784182836,0.0024840387365098987,0.0001,6.1203924091772965e-06,0.004927775335562209,0.00017723604280849066,45275,0.24672453986481488
327,0.24596256398625171,0.24704812031727147,0.002481855482319371,0.0001,6.009401953239986e-06,0.004842668717861053,0.00020381952262988338,45356,0.24596256398625171
328,0.24830148314122777,0.24767762859656522,0.002605886396158351,0.0001,6.694619589311434e-06,0.005138074782677228,0.00020608266203826162,44972,0.24830148314122777
329,0.2495999542539802,0.24832400987569625,0.0027173401630435053,0.0001,6.882014846574782e-06,0.0050652582552393535,0.00026383713918709604,44838,0.2495999542539802
330,0.24703306376797002,0.2489329301291295,0.002500496075141413,0.0001,6.172420171920214e-06,0.004936956496979214,0.00026355350629339103,45173,0.24703306376797002
331,0.2501463813370827,0.24955737767525493,0.002557078907716902,0.0001,6.357247278573168e-06,0.004972273056875871,0.00026741091762256576,44843,0.2501463813370827
332,0.2531177552650495,0.2501897977947107,0.0025987731324724436,0.0001,6.818179134028055e-06,0.005247229201220283,0.0002727183429088155,44663,0.2531177552650495
333,0.2518275128141071,0.25075609733294213,0.0023443541681001977,0.0001,5.563583427638453e-06,0.0047463676805685326,0.00025998918397541793,44845,0.2518275128141071
334,0.2513913582851396,0.25130225621056235,0.002397624157940794,0.0001,6.044981605804069e-06,0.005042476391292135,0.00027070550563632257,44949,0.2513913582851396
335,0.25063248490826645,0.2518620039032708,0.002371808327470757,0.0001,5.744014015631664e-06,0.004843573529195718,0.0002670529400769522,44857,0.25063248490826645
336,0.24902901112560386,0.25244959258415883,0.0024843255057124453,0.0001,5.999941833779315e-06,0.0048302380827174845,0.00026505014773592936,44995,0.24902901112560386
337,0.25396791838789,0.2530947369416123,0.0027123533286759894,0.0001,6.709995360780028e-06,0.004947729552665214,0.0002712097312193754,44536,0.25396791838789
338,0.24826483844846814,0.2537165548070368,0.0026417143949844157,0.0001,6.4498415794923385e-06,0.0048830725923575,0.0002684346213088143,45078,0.24826483844846814
339,0.2568806408901829,0.25425882459126115,0.0023943494755112385,0.0001,5.811158676910011e-06,0.004854060559116351,0.00024822099898652936,44530,0.2568806408901829
340,0.2539045494122917,0.25488792294185725,0.002623370221234061,0.0001,6.591336163322223e-06,0.005025090328441396,0.00024380986457254376,44630,0.2539045494122917
341,0.2594195935668869,0.25545986724446823,0.002473358943384134,0.0001,5.978633287558561e-06,0.004834424298624761,0.0002512874518238526,44082,0.2594195935668869
342,0.25468992168450566,0.2560595035204706,0.002565595336750987,0.0001,6.331972120915246e-06,0.004936064569663519,0.00025678640395935105,44580,0.25468992168450566
343,0.25701096339017326,0.2566641816012763,0.002560448580354493,0.0001,6.208319799501436e-06,0.00484940009897945,0.0002442957043916666,44435,0.25701096339017326
344,0.2576387269006062,0.2572526805226334,0.002586332766875671,0.0001,6.164765152411791e-06,0.004767186366245455,0.00024906891987538297,44238,0.2576387269006062
345,0.26214980745112026,0.25781916678383576,0.0024630963780934508,0.0001,5.911895327589742e-06,0.004800376777920334,0.0002493128942106011,44075,0.26214980745112026
346,0.2583693934385122,0.25840233498048726,0.0025198125666855927,0.0001,6.189612384728954e-06,0.004912756183981089,0.0002546264000998041,44014,0.2583693934385122
347,0.25881196168639303,0.25902412177834533,0.0027556499718387945,0.0001,6.855771695196031e-06,0.004975792836723236,0.00026125726384567126,44259,0.25881196168639303
348,0.25589174289180344,0.25960117607337063,0.002474802614794461,0.0001,5.725633030140374e-06,0.004627143187834319,0.00025123255374928297,44542,0.25589174289180344
349,0.261079465538747,0.2601214004546371,0.0024678456934713877,0.0001,5.806113599819724e-06,0.0047054105653198865,0.0002478050740095058,44142,0.261079465538747
350,0.26189106618192004,0.260686376523829,0.002547381494501649,0.0001,5.945763156670166e-06,0.004668137198534021,0.0002256738416811283,43973,0.26189106618192004
351,0.2597576081105949,0.2612389075712944,0.002450363556797924,0.0001,5.749582638576173e-06,0.004692840474733136,0.00021586792165232522,44142,0.2597576081105949
352,0.26203947057128835,0.26184144785755026,0.002658978381254427,0.0001,6.193657827342405e-06,0.0046586748286538675,0.00023152850537651656,44071,0.26203947057128835
353,0.2567334674379841,0.26242909277898513,0.002586470431832298,0.0001,5.927720529041337e-06,0.004583636801787865,0.0002548996263209488,44430,0.2567334674379841
354,0.25865733449088446,0.2629731139052427,0.0024739404059630596,0.0001,5.827513796405606e-06,0.00471111897631751,0.0002450179144703533,44275,0.25865733449088446
355,0.2616001161767092,0.26352128085901416,0.002498869863468747,0.0001,6.086187625051201e-06,0.004871152126828089,0.00026183235224060846,43866,0.2616001161767092
356,0.2611502457814602,0.264035290923437,0.0023332638021162097,0.0001,5.3012448764784e-06,0.004544059588693149,0.00023999532966660018,43991,0.2611502457814602
357,0.26265835877822574,0.2645518293425012,0.002402798345667666,0.0001,5.7029403110654175e-06,0.004746915463253941,0.00022998621875327787,43841,0.26265835877822574
358,0.2616347518306793,0.265147344065195,0.0026517359312890954,0.0001,6.0432647025715044e-06,0.004557968711185866,0.00025346969725316984,43859,0.2616347518306793
359,0.25861132143968696,0.2657340326650472,0.002567729778920419,0.0001,5.770113338298372e-06,0.004494330661791342,0.00030910153865005305,44141,0.25861132143968696
360,0.26550994681596246,0.26626762911663504,0.002511074933153127,0.0001,6.044787152754891e-06,0.004814501608810632,0.0003138655156039068,43609,0.26550994681596246
361,0.26236909290427146,0.2668287010086566,0.002579202241114663,0.0001,6.075575055712092e-06,0.004711204851532999,0.00031336891720610746,44030,0.26236909290427146
362,0.2673600750551754,0.267311774402355,0.0022246727192504114,0.0001,5.023986104202666e-06,0.0045166069244517585,0.00030605147724548434,43634,0.2673600750551754
363,0.2651578422517129,0.2678000986955036,0.002264881840564943,0.0001,5.164180546167645e-06,0.004560220717633122,0.00030795929178734115,43667,0.2651578422517129
364,0.2689786930820495,0.268300418698188,0.002357388817178108,0.0001,5.51682393767884e-06,0.004680453133126089,0.0003049684985237791,43476,0.2689786930820495
365,0.26737012260998666,0.2688280510242317,0.0024443537048767835,0.0001,5.832502121229766e-06,0.0047722243385588696,0.0003262149626617171,43365,0.26737012260998666
366,0.2710414411217068,0.2693190592651498,0.0023860454837823105,0.0001,5.5788246643713845e-06,0.004676209822729737,0.0003138420362150725,43143,0.2710414411217068
367,0.27017587026086404,0.26982312723869684,0.002448046223316575,0.0001,5.698851133083699e-06,0.004655836216493481,0.00031203315136706333,43201,0.27017587026086404
368,0.2689212558760904,0.2703764546527168,0.002633381467544093,0.0001,6.1009856164685465e-06,0.004633575265613426,0.0003037234295532493,43375,0.2689212558760904
369,0.267021931595661,0.2708753709630545,0.0024069798324123514,0.0001,5.727618526685437e-06,0.004759174505375923,0.000419378009866427,43509,0.267021931595661
370,0.272546907943374,0.27137199169351356,0.002351869305799206,0.0001,5.343250878255502e-06,0.004543833167157877,0.0004157500635056298,43215,0.272546907943374
371,0.27853765414572856,0.27187468723069286,0.0024771670679350835,0.0001,5.642749715941298e-06,0.004555808761534182,0.00041527227148588673,42521,0.27853765414572856
372,0.2683568264848452,0.27237309602176796,0.0023858356701234704,0.0001,5.346479671592803e-06,0.004481850731417821,0.00039902056292067046,43301,0.2683568264848452
373,0.27059271428701226,0.2728329010116777,0.002302313209215192,0.0001,5.214617663634791e-06,0.004529894232255515,0.00043030800951124364,43155,0.27059271428701226
374,0.26864940311821817,0.2733881344151573,0.0026327841373737955,0.0001,6.0542887976152565e-06,0.004599153201868206,0.00041934514854898616,43310,0.26864940311821817
375,0.27474789745622086,0.2739160202426153,0.0025060490063675937,0.0001,5.692355199609774e-06,0.004542892166231488,0.00043030884414013725,42782,0.27474789745622086
376,0.2788577719319887,0.27437545109928657,0.002281973682185417,0.0001,4.993199635185797e-06,0.004376211412222662,0.0004182494099202342,42685,0.2788577719319887
377,0.27300423138715085,0.27493104790282896,0.002629795634634877,0.0001,5.828327123263136e-06,0.0044325323584106895,0.0003941740560506656,43027,0.27300423138715085
378,0.2725343414849582,0.27542760999595617,0.0024413391945908363,0.0001,5.218749134931622e-06,0.004275316716738556,0.0004085693716413352,43056,0.2725343414849582
379,0.27500757885310645,0.27590442000689597,0.002296269169273812,0.0001,5.055968268518415e-06,0.0044036372879729495,0.0003201849272626676,42932,0.27500757885310645
380,0.27204194017621564,0.2763781330304967,0.002391042049608909,0.0001,5.24717880643145e-06,0.0043890309727423705,0.00031158991530253133,43167,0.27204194017621564
381,0.2790196367874196,0.27688707707553517,0.002466243559871593,0.0001,5.6084785190664034e-06,0.004548195166383658,0.0003228206983185538,42365,0.2790196367874196
382,0.27674035852100115,0.2773849967828341,0.002416739139118881,0.0001,5.457414821707552e-06,0.004516345792866392,0.00030848202004431837,42715,0.27674035852100115
383,0.2749146879592509,0.2779142850608598,0.002564322889552755,0.0001,5.633754121153648e-06,0.004393950655828864,0.00031237600349898133,42579,0.2749146879592509
384,0.27741816763564797,0.2784438457129389,0.002636784471986789,0.0001,6.225460442046584e-06,0.00472200933234089,0.0003298807855693665,42560,0.27741816763564797
385,0.28165703669833086,0.27895792932679714,0.0025184572911130885,0.0001,5.53996923973563e-06,0.004399494293021832,0.0003191554748444188,42345,0.28165703669833086
386,0.2781945798045781,0.27950180599303853,0.00268282612932431,0.0001,6.214470882403847e-06,0.004632779451845436,0.00032547807038224314,42435,0.2781945798045781
387,0.27927651415113397,0.2799948275462575,0.0024726106801018677,0.0001,5.570505802613775e-06,0.004505768617309603,0.000319483926014771,42669,0.27927651415113397
388,0.28149669690446766,0.2804763198261305,0.002389066471000465,0.0001,5.29426442148574e-06,0.004432077956599232,0.0003238800404709939,42320,0.28149669690446766
389,0.28400675452081003,0.2809941976683622,0.002567051861813638,0.0001,5.465755383163239e-06,0.00425839108626473,0.0005027492553594648,42048,0.28400675452081003
390,0.2795089830623897,0.2815395540372396,0.00266143110456453,0.0001,5.895909772806956e-06,0.004430631146299508,0.0004990278773945477,42622,0.2795089830623897
391,0.2811293214608299,0.2819418624301815,0.0023461941053204054,0.0001,5.091067165180356e-06,0.004339851637710172,0.0005122171508533669,42376,0.2811293214608299
392,0.28351646849833995,0.2824049126887421,0.0024282217544996723,0.0001,5.173455895691487e-06,0.0042611066193643105,0.0005057446039763322,42080,0.28351646849833995
393,0.28133298293236614,0.2828427611991613,0.00227646337397453,0.0001,4.936770211278687e-06,0.004337227884022105,0.0004990721689839769,42353,0.28133298293236614
394,0.28211658211424345,0.28334606985827493,0.0025075904154414274,0.0001,5.368207034881994e-06,0.004281566081785325,0.0005035011534091109,42361,0.28211658211424345
395,0.28556598840531755,0.28383535251848824,0.0025430517406429373,0.0001,5.58875074747076e-06,0.0043953102944400205,0.0005220111330024727,41925,0.28556598840531755
396,0.28436293235826604,0.2843379375195916,0.002503104372859525,0.0001,5.227864755385264e-06,0.00417710488789007,0.0005064338799409124,41967,0.28436293235826604
397,0.28875530311347564,0.2848078017085318,0.0023838563857811928,0.0001,5.025836610441041e-06,0.004216559890451679,0.0005114561117570529,41848,0.28875530311347564
398,0.28664870642577855,0.285242367912643,0.002366136869971042,0.0001,5.232543948125814e-06,0.004422858216304159,0.0005208316750418704,41910,0.28664870642577855
399,0.2823429338694862,0.2857128143794595,0.0024525504861790943,0.0001,5.211614733457659e-06,0.0042499551082244985,0.00037731512572785914,42098,0.2823429338694862
400,0.2818813793782703,0.2861837842663314,0.0024531095167643823,0.0001,5.414524769185864e-06,0.004414417482940221,0.0003774464166256779,42320,0.2818813793782703
401,0.28317915507742286,0.2866534133767058,0.002453932414250178,0.0001,5.385764583822026e-06,0.004389497080316043,0.0003799480387030183,41940,0.28317915507742286
402,0.28706584932277424,0.2870721065773242,0.0022645404464436605,0.0001,4.748978132505977e-06,0.004194209151763214,0.000372615640725902,41875,0.28706584932277424
403,0.2930762965055567,0.2875239831646465,0.0024810372378419035,0.0001,5.384867147723325e-06,0.004340819287667989,0.0003806809942507375,41392,0.2930762965055567
404,0.28760896547001935,0.28797953601884374,0.002411391639869217,0.0001,5.190723195655059e-06,0.0043051681110884005,0.0003724305143472965,41770,0.28760896547001935
405,0.29010576155437195,0.28838165715842784,0.0021852224501935917,0.0001,4.62031094411448e-06,0.004228687055366068,0.00035484718194198094,41553,0.29010576155437195
406,0.2834699271638676,0.2888963583989865,0.002632888807500525,0.0001,5.638485149289842e-06,0.004283116805561274,0.00037036966167744954,41943,0.2834699271638676
407,0.2877836993233971,0.28934909117638985,0.0025182726069801807,0.0001,5.468956552125054e-06,0.004343419006318958,0.00038174449762923106,41767,0.2877836993233971
408,0.28869199179916855,0.2897843969189239,0.002453055137177387,0.0001,5.181815030369289e-06,0.00422478480147964,0.0003736575803738759,41715,0.28869199179916855
409,0.2907830991699858,0.2902442288487817,0.002441148147927113,0.0001,5.153860674877842e-06,0.004222489060530155,0.00041812265356894283,41636,0.2907830991699858
410,0.29046912872367114,0.29065869830047375,0.0022435046450593574,0.0001,4.6850631248524395e-06,0.004176557543725063,0.00041942170591058564,41499,0.29046912872367114
411,0.2928807784578983,0.2910643937768599,0.002221505377065574,0.0001,4.587854461005792e-06,0.004130401401112943,0.00042929056827289416,41304,0.2928807784578983
412,0.28964220320747947,0.29152682387107687,0.0024824466566563948,0.0001,5.271641296022009e-06,0.004247133594501787,0.0004202154256689214,41511,0.28964220320747947
413,0.2898260868213002,0.2919237299675036,0.0021417555227875263,0.0001,4.26214350695817e-06,0.003980046706181411,0.00042126846329968435,41638,0.2898260868213002
414,0.29556228972612786,0.2923251631249284,0.0021946625702037445,0.0001,4.474277455704124e-06,0.004077417199755448,0.0004181502635386428,41227,0.29556228972612786
415,0.29004001886288344,0.2927222446270453,0.002174407621694009,0.0001,4.290583232351597e-06,0.0039464387353544544,0.0004122719007506098,41677,0.29004001886288344
416,0.29227458178232424,0.29320298986442705,0.002543723021034698,0.0001,5.213748705232335e-06,0.004099305358420323,0.00042352357895129145,41388,0.29227458178232424
417,0.29425123520398,0.2936227687151708,0.0023208530416021314,0.0001,4.801470650760422e-06,0.004137677452809222,0.00041914227502405654,41353,0.29425123520398
418,0.29700202823567984,0.294045921162698,0.0024221788484336234,0.0001,5.132156984585283e-06,0.004237636694667819,0.0004328773064566114,41110,0.29700202823567984
419,0.2952548165189418,0.2944810567034256,0.002350274466454866,0.0001,4.839746547266141e-06,0.004118452220234834,0.0002554365887394897,41200,0.2952548165189418
420,0.29225069225099715,0.29491520235981583,0.0024677557024382355,0.0001,5.092482245709605e-06,0.004127217488082828,0.00026922995846202265,41366,0.29225069225099715
421,0.29118940464451504,0.29531417797756754,0.002271658372196287,0.0001,4.604993873717809e-06,0.004054301412642082,0.0002621350084860195,41458,0.29118940464451504
422,0.29414157053978207,0.2957532065846564,0.002453798344018717,0.0001,5.096075668234942e-06,0.0041536222246273315,0.00027107177830714666,41241,0.29414157053978207
423,0.2974849557131989,0.29621456888782494,0.0025316019166100666,0.0001,5.206702299970026e-06,0.004113365743491019,0.0002710378076399105,41051,0.2974849557131989
424,0.298510955687575,0.2966607486278449,0.002430607196727993,0.0001,4.8318085601986595e-06,0.003975803714152652,0.0002726344126729952,40895,0.298510955687575
425,0.299225476122027,0.2970858099582419,0.0023801696410979387,0.0001,4.754619219982834e-06,0.003995193567622849,0.0002818884722026576,40873,0.299225476122027
426,0.30123525160211784,0.29747808845155477,0.002238779827268849,0.0001,4.4590813942399825e-06,0.00398349256137415,0.00027621268412024,40715,0.30123525160211784
427,0.29512438975314853,0.2978775864924891,0.002237318513836052,0.0001,4.457255105515762e-06,0.003984461826021777,0.00027143184325617434,41180,0.29512438975314853
428,0.30059706711245526,0.29823227847374345,0.002243726760766221,0.0001,4.603439771097519e-06,0.004103387142849309,0.00026807709565526607,40566,0.30059706711245526
429,0.2950026368122802,0.2986242177010091,0.002223734629644891,0.0001,4.51287862900669e-06,0.004058828395119568,0.00039051066049968554,41063,0.2950026368122802
430,0.301011270168033,0.2989826592787518,0.0023731802830406234,0.0001,5.024002003553892e-06,0.0042339825924366074,0.00036971398407972453,40850,0.301011270168033
431,0.29485629110121236,0.2994209121163212,0.002471840859031062,0.0001,5.00094001568689e-06,0.004046328466022049,0.0003667571797678822,41096,0.29485629110121236
432,0.303824584777716,0.2998753624171947,0.0025564049176865214,0.0001,5.200068204651448e-06,0.004068266469583677,0.00036653745730657,40480,0.303824584777716
433,0.29891037681431254,0.3002558534440542,0.002235755893097719,0.0001,4.47007968771395e-06,0.003998718913378775,0.0003636271556460495,40885,0.29891037681431254
434,0.3075580061401364,0.30067623163460055,0.0023267359115714172,0.0001,4.6546916169687556e-06,0.004001048502169802,0.000376155183846587,40179,0.3075580061401364
435,0.2973635411749392,0.30106214940668574,0.0022669511775638275,0.0001,4.288797813890904e-06,0.003783758429680738,0.00036393163465876116,40980,0.2973635411749392
436,0.2942006526220403,0.3014564743296602,0.0023220453164148856,0.0001,4.690724901796187e-06,0.004040166545102932,0.00036364232832833247,41236,0.2942006526220403
437,0.2993784873818792,0.3018458416041627,0.0024168349642796987,0.0001,4.874544549039916e-06,0.004033824916541374,0.0003668830490612011,40840,0.2993784873818792
438,0.3007575549032862,0.3022614050406237,0.00233896387154874,0.0001,4.576315143215534e-06,0.003913113151410361,0.00035478949295657107,40766,0.3007575549032862
439,0.29495884259546956,0.3026528819916522,0.002258794368278142,0.0001,4.431762760089038e-06,0.003924007268946157,0.0003265918691433519,41203,0.29495884259546956
440,0.3080382206099782,0.3030517913623541,0.0023507233248984097,0.0001,4.606787854858553e-06,0.003919464112228216,0.0002969290208924848,39992,0.3080382206099782
441,0.3073664050843258,0.30345832457230615,0.002365691095052414,0.0001,4.71813788062047e-06,0.003988803010239114,0.0003045320980201724,40227,0.3073664050843258
442,0.3053488317840523,0.30385553680110367,0.00234897002312207,0.0001,4.815728943340637e-06,0.004100289825699811,0.0003183615138094579,40097,0.3053488317840523
443,0.30890429383323215,0.30423865275070583,0.0023440730629056285,0.0001,4.570605034045093e-06,0.0038997120920621258,0.0003054550482588373,39902,0.30890429383323215
444,0.2976194808589072,0.30463203924312443,0.002330155022899998,0.0001,4.344679572182653e-06,0.003729090579368815,0.00030890352358391496,40841,0.2976194808589072
445,0.30445769804101663,0.30500820409105656,0.0022826150374499012,0.0001,4.428933516508103e-06,0.0038805785853895294,0.0003094928235166781,40394,0.30445769804101663
446,0.3095946068753617,0.30541432469655994,0.002370165881177548,0.0001,4.738401769459752e-06,0.003998371427999473,0.0003343496289376738,39936,0.3095946068753617
447,0.3123490634056711,0.30580340138124296,0.0023760663736267728,0.0001,4.68471238244355e-06,0.00394325043647069,0.0003184454439318086,39818,0.3123490634056711
448,0.31095527611635015,0.30618577823999665,0.0023719454131163322,0.0001,4.619931093520513e-06,0.003895478427094753,0.00031032658061870674,39906,0.31095527611635015
449,0.3061168164235656,0.3065762868485231,0.002317284192982915,0.0001,4.314967224123039e-06,0.003724158855602959,0.0003908778264064734,40260,0.3061168164235656
450,0.3085699289524078,0.3069290147906383,0.0021753324259494444,0.0001,4.226663909406857e-06,0.0038859935695226807,0.00040059669798307154,40008,0.3085699289524078
451,0.30540361825169704,0.30728997253031487,0.002253539982325719,0.0001,4.441685667549234e-06,0.003941963046926092,0.0004105281234947128,40181,0.30540361825169704
452,0.30348083753749566,0.30769324143917637,0.0023804565758406915,0.0001,4.584312296562435e-06,0.0038516243842368096,0.00039311228077997516,40527,0.30348083753749566
453,0.3089989471773296,0.30808116196300167,0.0023515083731952538,0.0001,4.418488010029681e-06,0.003758003212232491,0.0004020772247083341,39967,0.3089989471773296
454,0.3091084760191393,0.3084735599857337,0.002436052965070995,0.0001,4.863122928909768e-06,0.003992624954086775,0.00040446247208499405,39963,0.3091084760191393
455,0.30865288192573304,0.30887441536403565,0.0025286118960626447,0.0001,5.116089539934935e-06,0.004046559733347223,0.00040378450757201016,40106,0.30865288192573304
456,0.3068306002289263,0.30928751311660074,0.002480206612798779,0.0001,4.747509835986525e-06,0.0038283180211580977,0.00041727816953139596,39981,0.3068306002289263
457,0.3076478455995031,0.3096557201098459,0.002349983139359012,0.0001,4.466829069314532e-06,0.003801583930115274,0.0004053570812767921,40080,0.3076478455995031
458,0.30565613435583683,0.30999663220017126,0.002304160267563165,0.0001,4.569504776525991e-06,0.003966308108731178,0.0004123326066019017,40161,0.30565613435583683
459,0.30692589301431383,0.3103649275660848,0.0023493141513620938,0.0001,4.587243389265176e-06,0.0039051766547318215,0.00037044254676296066,40068,0.30692589301431383
460,0.3105394005468051,0.3107271394101696,0.0023144372047832875,0.0001,4.390228307990549e-06,0.0037937761274466106,0.0003592636114230395,39872,0.3105394005468051
461,0.30891543205111877,0.3111193484300667,0.0024253454619378436,0.0001,4.71488158245283e-06,0.0038880082499139347,0.00035268703373535963,40049,0.30891543205111877
462,0.31235468388831267,0.31150573281813143,0.0023818855263991363,0.0001,4.417296254226744e-06,0.0037090751887683547,0.0003657658438561915,39802,0.31235468388831267
463,0.3114423549965627,0.31191220929876984,0.0024309075009778477,0.0001,4.56883897721789e-06,0.0037589574884112583,0.00036916685654847894,39695,0.3114423549965627
464,0.3087939417804351,0.31231560628141974,0.002501924697800658,0.0001,4.836574870922712e-06,0.0038662833259325126,0.0003663748858520168,40064,0.3087939417804351
465,0.3118118451731893,0.3126447996758236,0.002131472141031429,0.0001,3.863212527106625e-06,0.0036249242509331587,0.00036150978037275403,39615,0.3118118451731893
466,0.31630170453973916,0.31304999720017657,0.002497224755271115,0.0001,4.8733466479881485e-06,0.0039030100416084217,0.0003606321724534163,39353,0.31630170453973916
467,0.313565510639062,0.31342068668272505,0.002363977794739261,0.0001,4.527234232484246e-06,0.0038301833820597164,0.0003666314855111212,39453,0.313565510639062
468,0.31476598502530195,0.31375499415907715,0.0022563698071747917,0.0001,4.2668612596822435e-06,0.0037820584605542077,0.0003665090407220776,39474,0.31476598502530195
469,0.31679762613908014,0.3140362693112398,0.002106322979305012,0.0001,3.854604548650255e-06,0.003660031805684515,0.00023911018379265325,39358,0.31679762613908014
470,0.3147435374274873,0.314371663159851,0.00210296023198401,0.0001,3.869351525785605e-06,0.0036799093648434006,0.00022499459768849294,39471,0.3147435374274873
471,0.3140889774994178,0.3147421785114751,0.002414009565039978,0.0001,4.751365100175472e-06,0.003936492356107783,0.00025016211078492405,39464,0.3140889774994178
472,0.3144873186523228,0.3151067802415382,0.0023247124262242174,0.0001,4.491629564306042e-06,0.0038642453265510497,0.0002472318673678804,39471,0.3144873186523228
473,0.31790154675541704,0.3154533191973321,0.0022815691647676516,0.0001,4.242813104707174e-06,0.003719206211431463,0.0002138653949853623,39148,0.31790154675541704
474,0.31430975716120435,0.3157692990790807,0.002130634425215281,0.0001,3.904171263120901e-06,0.003664796942090543,0.00023278176940322976,39446,0.31430975716120435
475,0.31487681862587924,0.31612248868217335,0.0022971368216747963,0.0001,4.280766972052683e-06,0.0037270457133081534,0.00025759073565386403,39444,0.31487681862587924
476,0.31385210938862534,0.3164607156499961,0.002352717849264275,0.0001,4.497056791163036e-06,0.0038228611157681523,0.00023322462946384018,39602,0.31385210938862534
477,0.31412573054334725,0.31681922996199174,0.002267889001009766,0.0001,4.113333643019258e-06,0.0036274558774153556,0.00025409142298159627,39468,0.31412573054334725
478,0.31558403378549876,0.31715011948347405,0.0022543728527421683,0.0001,4.0723206481306314e-06,0.0036128190979386153,0.00023899120421295552,39325,0.31558403378549876
479,0.3221541165005478,0.3174918941401851,0.0024055197508808745,0.0001,4.6547226868527225e-06,0.0038700348938296722,0.0004345938659142877,38898,0.3221541165005478
480,0.317927023303298,0.317878421447496,0.0024745198387598893,0.0001,4.575111878668628e-06,0.003697777489600937,0.00043273952120095925,39117,0.317927023303298
481,0.31825818106054304,0.31823477167725944,0.0023667542492038555,0.0001,4.28218277604662e-06,0.00361861209501332,0.00042763864115461674,39282,0.31825818106054304
482,0.315627119314279,0.31859926574185377,0.002363308483503198,0.0001,4.448411891622634e-06,0.003764563045979193,0.00043189297212876824,39383,0.315627119314279
483,0.32064730563284527,0.3188916128350154,0.002123439767896331,0.0001,3.938410926550481e-06,0.0037094632832013145,0.0004388048110981583,38798,0.32064730563284527
484,0.3227981041767928,0.31923199565719607,0.002285418017832564,0.0001,4.053150275081583e-06,0.0035469662385225215,0.00041676428294191466,38782,0.3227981041767928
485,0.3196367630160978,0.3196026512647309,0.002472861996624717,0.0001,4.6311677786083895e-06,0.003745593393347148,0.0004313434691296564,38989,0.3196367630160978
486,0.32503514422792057,0.31992414890863174,0.0021590049970661605,0.0001,3.7886221521633134e-06,0.0035096001698111997,0.0004309448710710443,38678,0.32503514422792057
487,0.31753632856749525,0.3202474003652663,0.0022425485601668483,0.0001,4.244156598366079e-06,0.0037851190148143845,0.00044398047709079435,39149,0.31753632856749525
488,0.32132084861291715,0.32057641106444223,0.002261521701604581,0.0001,4.021854693804262e-06,0.003556768604918273,0.0004445067933976323,38827,0.32132084861291715
489,0.32092796643714244,0.3208836123912173,0.0023210971336867963,0.0001,4.396720869227035e-06,0.0037884850275467343,0.0005005407962589469,38826,0.32092796643714244
490,0.32195210326016754,0.32118480898284474,0.002254999661338031,0.0001,4.271063340894632e-06,0.003788083354620413,0.0004983494855774458,38845,0.32195210326016754
491,0.3182717574060602,0.3214956124151011,0.0022402038178877246,0.0001,4.095189025010606e-06,0.0036560861045866243,0.000494653209875051,39002,0.3182717574060602
492,0.32125180666636344,0.32182635931917003,0.002337941940989615,0.0001,4.260644863385139e-06,0.0036447824376525566,0.0004895109125306908,39025,0.32125180666636344
493,0.3192471699115194,0.32211579600212636,0.002162097771881492,0.0001,3.864795870683055e-06,0.003575042646956569,0.00048720678855384636,39065,0.3192471699115194
494,0.3241752175463901,0.3224584219538537,0.0023393888555900454,0.0001,4.2924662704590874e-06,0.0036697330246761683,0.0005096542802094975,38852,0.3241752175463901
495,0.3224339507984718,0.32276856097641016,0.0021449268138252963,0.0001,3.61102973759284e-06,0.0033670423758215533,0.0004889227465947704,38846,0.3224339507984718
496,0.3222590821794883,0.32311906652611977,0.0023642263480060095,0.0001,4.172006139372648e-06,0.00352927810223528,0.0005035962875993119,38686,0.3222590821794883
497,0.3236649982078978,0.32343653335579836,0.002288299302073228,0.0001,4.143047692104366e-06,0.003621071499126632,0.0005068506293617608,38659,0.3236649982078978
498,0.3296125630788256,0.32376629159306014,0.0022432058792866824,0.0001,3.864544941036185e-06,0.00344555528916951,0.0004997652077438924,38349,0.3296125630788256
499,0.3242132410670835,0.3240608531665503,0.002136920708945525,0.0001,3.6883109144265886e-06,0.0034519866825069097,0.0003060136699247379,38632,0.3242132410670835
500,0.11317968975215598,0.11565200646915264,0.0014804465474108645,0.0001,2.864422590315127e-06,0.0038696737755573567,0.00017232489692282907,55697,0.11317968975215598
501,0.11204052306639167,0.11610732974828272,0.0014736683224210205,0.0001,2.820792484584415e-06,0.003828259645223651,0.00016647403810657945,55734,0.11204052306639167
502,0.1141429702678938,0.11653035140012481,0.0013561405326787729,0.0001,2.37135911272286e-06,0.0034972173688205222,0.0001770806516299821,55758,0.1141429702678938
503,0.11436460247043406,0.11695512649926734,0.0013912005405113561,0.0001,2.519920787395793e-06,0.0036226564237382478,0.00017710984189040976,55782,0.11436460247043406
504,0.11415321605584836,0.11738628908601273,0.001422730110811233,0.0001,2.629929257216575e-06,0.003697017779031896,0.00018274186946861057,55559,0.11415321605584836
505,0.11542828029091426,0.11784545951057655,0.001497646342503052,0.0001,2.782288953011812e-06,0.003715548690035467,0.000180787811147068,55538,0.11542828029091426
506,0.11852351330538635,0.11830821066187565,0.001513262487265752,0.0001,2.892993218503124e-06,0.0038235180516902213,0.00018224402229050188,55433,0.11852351330538635
507,0.12082743896485765,0.11878021085840362,0.001548398141621331,0.0001,3.0863205461478714e-06,0.003986468936104739,0.00018793788238481964,55078,0.12082743896485765
508,0.11812949957317478,0.11926916459879279,0.0015896524616157957,0.0001,3.1368019031376903e-06,0.003946525393291689,0.0001903128277043377,55270,0.11812949957317478
509,0.11861081225731611,0.11972259358357716,0.0015286318625853082,0.0,2.8099390635635004e-06,0.003676410432543481,-0.000923804787492553,55313,0.11861081225731611
510,0.12049025787102538,0.12013557579646435,0.0013895856775033607,0.0,2.481884940525271e-06,0.0035721222242077527,-0.0009808872444204454,55110,0.12049025787102538
511,0.11813342475817762,0.12049968745536216,0.001238131880989878,0.0,2.047192752253187e-06,0.003306905804923577,-0.0008836761226525026,55350,0.11813342475817762
512,0.1219404960998966,0.12092324627090846,0.0014523909048996457,0.0,2.6925912075298338e-06,0.0037078051073528052,-0.0009948500291537912,55187,0.1219404960998966
513,0.11577512644511184,0.12134844649301164,0.0014257310914988187,0.0,2.6053557952057485e-06,0.0036547646477525205,-0.0009752768425839524,55716,0.11577512644511184
514,0.12155838839847434,0.12178705666950962,0.001471180181351369,0.0,2.7277317397718543e-06,0.0037082225200536154,-0.0008922755793933606,55041,0.12155838839847434
515,0.12331803035345366,0.12226243585023291,0.0015910100503466124,0.0,3.2861541651184928e-06,0.004130903088138987,-0.0010023793720874527,55019,0.12331803035345366
516,0.11564572430973663,0.12265040383633555,0.0013268758900895842,0.0,2.2970736785642773e-06,0.003462379105266868,-0.0009552477946417828,55605,0.11564572430973663
517,0.1253884500505536,0.12311619806765861,0.0016255544397837279,0.0,3.245228987663136e-06,0.003992765678269007,-0.0011107050111915434,54855,0.1253884500505536
518,0.12181876892816479,0.12357700296834526,0.0015708180808286783,0.0,3.1243077361890925e-06,0.0039779370689964014,-0.0009641431567729821,55205,0.12181876892816479
519,0.12242933794607558,0.12403473379336487,0.0015657723983409646,0.0,3.017283607862202e-06,0.003854051343680864,-0.0014975008406517402,55192,0.12242933794607558
520,0.12478457277979749,0.12444695737880516,0.001388964765368318,0.0,2.468985868619238e-06,0.0035551454294299916,-0.0014635311432799987,54838,0.12478457277979749
521,0.12060693687564523,0.12497199082992237,0.0017717360322863783,0.0,3.7333367305162686e-06,0.004214326132655886,-0.0015314493697860714,55144,0.12060693687564523
522,0.12343396613010671,0.1254333447702205,0.001576780625811114,0.0,3.102368584122253e-06,0.003935066848663692,-0.0015507647190303535,54983,0.12343396613010671
523,0.12359542514258935,0.12589432486162522,0.0015703727383284652,0.0,2.9800378810520357e-06,0.0037953255406408095,-0.0016176838846474534,55171,0.12359542514258935
524,0.12864993323062673,0.12637282192070537,0.0016924649557644967,0.0,3.445123210662607e-06,0.0040711309252562024,-0.0016111290320118166,54685,0.12864993323062673
525,0.12298618042035524,0.12683976966468902,0.0016095828167471504,0.0,3.1678718345015963e-06,0.003936264479890056,-0.0014584823274296668,55097,0.12298618042035524
526,0.12644906618969662,0.12729801988934397,0.0015664420541611117,0.0,3.024948311433609e-06,0.003862189863197439,-0.0015677391742661946,54885,0.12644906618969662
527,0.1262967868088668,0.12773962885771534,0.0015238409264020768,0.0,2.8478349409947455e-06,0.0037377063335852717,-0.0014620570965491872,54769,0.1262967868088668
528,0.12693264251698222,0.12819920485531977,0.0016135730422561364,0.0,3.170602124515846e-06,0.00392991459510582,-0.001567046446914589,54743,0.12693264251698222
529,0.12897036101536372,0.12861092797253354,0.0014135160563651975,0.0001,2.5082486278173e-06,0.0035489496090580883,0.00025286965853381355,54626,0.12897036101536372
530,0.13555660909913603,0.12904493750601603,0.001530291345820272,0.0001,2.845513036772192e-06,0.0037189167207201715,0.00026737067510310776,54096,0.13555660909913603
531,0.1283576858408013,0.12949277042341348,0.0015685540574052127,0.0001,2.912314025018365e-06,0.003713374124747824,0.0002463905690823086,54782,0.1283576858408013
532,0.12973837071043315,0.12993016036986335,0.0015827228080970378,0.0001,3.1854973754757853e-06,0.004025338308362182,0.00025989974406039567,54527,0.12973837071043315
533,0.13240480507616398,0.13038245567051324,0.0015966163628566483,0.0001,3.1341832845425122e-06,0.003926031772510293,0.00026644530973398453,54249,0.13240480507616398
534,0.131638010491741,0.13080380980338155,0.001448813320606064,0.0001,2.645860483823207e-06,0.0036524519014173576,0.0002491828744705961,54549,0.131638010491741
535,0.12977810574441737,0.13122165199863742,0.001474697055787915,0.0001,2.6325468696096264e-06,0.0035702883643489525,0.00025404044264584595,54522,0.12977810574441737
536,0.1331584568464623,0.1316609713689248,0.0015174626706518834,0.0001,2.828595146569624e-06,0.0037280589516636934,0.00026563077508419874,54420,0.1331584568464623
537,0.12843044949645463,0.13208365056247506,0.0015648326082222197,0.0001,2.9748916839368723e-06,0.0038021851900397153,0.00024239262061155032,54692,0.12843044949645463
538,0.13378621845115507,0.13254356406054388,0.001606078656873524,0.0001,2.99707992958375e-06,0.003732170795940992,0.00025980778700925234,54335,0.13378621845115507
539,0.12981791911495993,0.13297592526371074,0.0015287070897665562,0.0001,2.9475500570539216e-06,0.0038562653065264867,0.0002271968673758431,54545,0.12981791911495993
540,0.13467308332712596,0.13338937483709534,0.0014709229704725627,0.0001,2.6808287688621508e-06,0.003645097428862481,0.00024333644763715537,54162,0.13467308332712596
541,0.13042460839571124,0.1338103902266897,0.0014984100818527248,0.0001,2.7114835158401697e-06,0.00361914745326263,0.0002310828188711812,54625,0.13042460839571124
542,0.13682012916336966,0.13422895359239834,0.001552707183538167,0.0001,2.863506784991762e-06,0.003688405406184397,0.00023053979861004678,54101,0.13682012916336966
543,0.13001343821981215,0.13467939704322127,0.0015862786262157056,0.0001,3.02406017834213e-06,0.0038127730253246337,0.00022504606811712334,54505,0.13001343821981215
544,0.13676640157819248,0.1351160085992163,0.0015791040077073673,0.0001,3.028124499468364e-06,0.0038352438910781647,0.00024488209070275605,54055,0.13676640157819248
545,0.133885078345522,0.13555911919947905,0.0015640035961671799,0.0001,3.0166454159479334e-06,0.003857593963774336,0.00023393352194863738,54356,0.133885078345522
546,0.13733411343671512,0.13601527932128782,0.0016441419400700385,0.0001,3.0951378610238163e-06,0.003765049459041191,0.0002407229577962745,54232,0.13733411343671512
547,0.1297362695654577,0.1364450633637906,0.0015400771321370545,0.0001,2.740028294079937e-06,0.003558300083681908,0.0002319272780656544,54707,0.1297362695654577
548,0.13610736623987765,0.13688361197431717,0.0015852059596920764,0.0001,2.9495805638980442e-06,0.003721384651456894,0.00022094643160028402,54078,0.13610736623987765
549,0.13257631731355243,0.13729318572365498,0.0015683800925134516,0.0,2.9977072163415593e-06,0.0038226795030756855,-0.0003906285721998199,54266,0.13257631731355243
550,0.13993194861349995,0.13777091492183713,0.0017156692635731927,0.0,3.3129764112977524e-06,0.0038620222226256793,-0.00039396753997538196,54062,0.13993194861349995
551,0.1395699793168188,0.1381744333525258,0.0014680721692004765,0.0,2.676318515741632e-06,0.003646031267249179,-0.0003947131808066645,53965,0.1395699793168188
552,0.13682905602249115,0.13861513381741422,0.0015959908395389063,0.0,2.9571973287670094e-06,0.0037057823334642258,-0.0003906607584487339,54156,0.13682905602249115
553,0.14242801192062757,0.13906082122006524,0.0016493113653366837,0.0,3.059207883982084e-06,0.0037096790191069712,-0.00041156698582582075,53699,0.14242801192062757
554,0.14047815997377233,0.1394512312059312,0.0014648894200233356,0.0,2.623945087946997e-06,0.0035824480019866585,-0.0003997193771083994,53750,0.14047815997377233
555,0.13878955605750204,0.13991157293375492,0.0017122808190717601,0.0,3.358162955976435e-06,0.003922444167536631,-0.0003981709896007605,54179,0.13878955605750204
556,0.1412928903562051,0.14030505781817354,0.0015174587104859183,0.0,2.8365552261832616e-06,0.003738560010341163,-0.00040784569225609077,53813,0.1412928903562051
557,0.1432479213652754,0.14076076246345542,0.0016789416457772264,0.0,3.098707058777419e-06,0.0036912623694469685,-0.0004007232129508352,53720,0.1432479213652754
558,0.1398175324043595,0.14114723636914817,0.0015319577846332696,0.0,2.8032799436794412e-06,0.003659735237874728,-0.0004022453957257799,53882,0.1398175324043595
559,0.14447836276224357,0.14159213382376898,0.0016710469863814184,0.0001,3.1852005630594313e-06,0.003812221426468502,0.000308320193240154,53505,0.14447836276224357
560,0.1381141575302279,0.14196762148861622,0.0014172312313378813,0.0001,2.5053323365740185e-06,0.003535530802844301,0.00029765263296728956,54177,0.1381141575302279
561,0.1448451290182623,0.14239519689640753,0.0016504056775256436,0.0001,3.067195955720254e-06,0.003716899423563206,0.00031690612005212226,53403,0.1448451290182623
562,0.1428923879257753,0.1427955076563119,0.0015242713980339402,0.0001,2.827837015107508e-06,0.00371041143821888,0.0003112177491320779,53657,0.1428923879257753
563,0.14376095362201177,0.1432202384024963,0.001627892988480626,0.0001,3.0004095182131187e-06,0.003686249083256404,0.0003110033269823579,53569,0.14376095362201177
564,0.14822734399596876,0.14364494215085943,0.0015865691333638169,0.0001,2.9938074210716405e-06,0.00377393881945027,0.0003276646943398003,53280,0.14822734399596876
565,0.14539262581912604,0.14405739967092487,0.0015895232506445574,0.0001,2.994136421610946e-06,0.0037673389431665287,0.00031195732045303663,53475,0.14539262581912604
566,0.1427146344973635,0.14445093384426128,0.0015075435661347036,0.0001,2.5998372699102556e-06,0.0034491039971417344,0.00031660414644499454,53719,0.1427146344973635
567,0.14387397228230614,0.14486501622550077,0.0015840508169288224,0.0001,2.905269313919761e-06,0.0036681516563370526,0.0003117555792824193,53696,0.14387397228230614
568,0.15017364268197955,0.1453363327468822,0.0018453494305835996,0.0001,3.8004546658366547e-06,0.004118953952948352,0.0003212821390337769,53264,0.15017364268197955
569,0.14321121101496548,0.14578046601123607,0.0016678134938663842,0.0001,3.0683274607966544e-06,0.003679461129293959,0.0003306932848044687,53560,0.14321121101496548
570,0.14600208552871938,0.1461874358723588,0.0015452225118538308,0.0001,2.826434914333008e-06,0.0036582885541087337,0.00033075048991604723,53506,0.14600208552871938
571,0.14522742909597403,0.1466336424062031,0.0016925757947679572,0.0001,3.3776521230582512e-06,0.003991138398054793,0.0003284051366631509,53434,0.14522742909597403
572,0.15139594341914864,0.14705320232093863,0.001634865232899143,0.0001,3.2351385746189377e-06,0.003957682271928915,0.0003460733674228899,52999,0.15139594341914864
573,0.15092316192342303,0.14748089936499936,0.0016474000452456952,0.0001,3.0194124442622457e-06,0.0036656699785532986,0.00034712622275378667,53091,0.15092316192342303
574,0.14524689097519372,0.147921083242803,0.001656249140154408,0.0001,3.0844364242750134e-06,0.0037246044082322764,0.0003303861415506859,53471,0.14524689097519372
575,0.14952691188837697,0.14831142185467225,0.001520845419447915,0.0001,2.7710888018249643e-06,0.0036441426148765377,0.0003529322732268428,52979,0.14952691188837697
576,0.14916701097581764,0.14873263005776893,0.0016764094439848298,0.0001,3.2305653946906085e-06,0.0038541484078156297,0.00033962635811362213,53216,0.14916701097581764
577,0.1488577449144977,0.1491377377964,0.0015378245874023556,0.0001,2.7676028810243325e-06,0.003599373951614701,0.00034227335966298514,53112,0.1488577449144977
578,0.14876415704312596,0.1495425487862285,0.0015811980087343386,0.0001,2.8337153788480157e-06,0.003584263783782839,0.00034423743087060444,53183,0.14876415704312596
579,0.14496537936750498,0.14995100792784827,0.0016021738259332354,0.0001,2.948866469617323e-06,0.003681081817573278,0.0003002068681551986,53396,0.14496537936750498
580,0.15611703106705171,0.15037690172508913,0.0016517449924660275,0.0001,3.1334293333990003e-06,0.003794083648131232,0.0003194301229212492,52650,0.15611703106705171
581,0.1482859563317695,0.15078848489338448,0.0016189440230109083,0.0001,3.112426416389988e-06,0.0038450080696446863,0.00029565470723681627,53509,0.1482859563317695
582,0.14864591786205406,0.15119506083586248,0.0015954126921333379,0.0001,2.961923245143554e-06,0.0037130496200114328,0.0003118737584959591,53242,0.14864591786205406
583,0.15493196125300446,0.15158069013721115,0.0015683190684789498,0.0001,2.921965889659507e-06,0.0037262390649798137,0.0003092431162108303,52843,0.15493196125300446
584,0.15005556803339248,0.15199237706880767,0.0016451958449921966,0.0001,2.9924695940641977e-06,0.0036378278041157967,0.0003061198158933663,53205,0.15005556803339248
585,0.15106563802592946,0.1523962673758773,0.0016645959012085093,0.0001,3.1508887795452053e-06,0.003785770200752791,0.00029968818150138965,53205,0.15106563802592946
586,0.15133878066093823,0.15279599693163093,0.0015934310423877877,0.0001,2.8617807396601046e-06,0.0035919731240727794,0.00031325041906301275,53117,0.15133878066093823
587,0.15520076569292351,0.1532242463177696,0.0016921810343103138,0.0001,3.124292845990572e-06,0.0036926224589958812,0.000312623364473814,52727,0.15520076569292351
588,0.15915937946149655,0.15366524114379643,0.0017442574076799936,0.0001,3.3456983824959245e-06,0.0038362438568582367,0.00033312185841355625,52272,0.15915937946149655
589,0.15508366239473081,0.15406402260980837,0.0015778139665284664,0.0001,2.7486241377480974e-06,0.003484091529238605,0.0003273712203477879,52754,0.15508366239473081
590,0.15010207237443796,0.15446016727251188,0.0016283249736412635,0.0001,2.9044473386784883e-06,0.0035674050152084283,0.000323951338810795,53189,0.15010207237443796
591,0.15383709372022852,0.1548667218091818,0.0016165243294190806,0.0001,2.8910151503036093e-06,0.0035768285050711652,0.00033302563688173266,52843,0.15383709372022852
592,0.1646495603981411,0.15526198109674594,0.0016463381025205834,0.0001,3.057917731274058e-06,0.003714811345971173,0.0003527054073188854,51985,0.1646495603981411
593,0.15383219902001846,0.15563930571301626,0.0015847885161836143,0.0001,2.866796510509882e-06,0.00361789157510242,0.0003287894093303281,52755,0.15383219902001846
594,0.1623137715844226,0.15604889471523686,0.001697010463199697,0.0001,3.073680995308452e-06,0.0036224655792788164,0.00034449129302772117,52187,0.1623137715844226
595,0.15295455338791772,0.1564229367657896,0.0016003281155076265,0.0001,2.905947642172429e-06,0.0036316897941278217,0.0003288785384829507,53086,0.15295455338791772
596,0.1605579604891443,0.15684812061456313,0.0017290155705670497,0.0001,3.320193148036462e-06,0.003840558991550975,0.00033584866891405585,52479,0.1605579604891443
597,0.16133314901094506,0.15724869836138178,0.0016590782488053685,0.0001,3.137215487302353e-06,0.003781877665578858,0.000347310217750071,52348,0.16133314901094506
598,0.1535202769625908,0.15764147125512554,0.0015991481024945986,0.0001,2.8603169288346345e-06,0.0035773008445842756,0.00032895233596591544,52994,0.1535202769625908
599,0.15342043335656652,0.1579749627638225,0.0014999980527477387,0.0,2.65009613914707e-06,0.0035334661058960023,-0.00011101403353757813,52906,0.15342043335656652
600,0.15787178423313167,0.1584246134486449,0.0018355276701628545,0.0,3.4649770884660707e-06,0.0037754561206463817,-0.00011273768613722164,52708,0.15787178423313167
601,0.15994542664022854,0.15883187804036022,0.0017005524016512914,0.0,3.102421311322221e-06,0.0036487218015859666,-0.00011647046612046154,52442,0.15994542664022854
602,0.15864408158472224,0.15922298119657494,0.0016326146188760321,0.0,2.8967671771654986e-06,0.003548623347694593,-0.00011106079264377056,52538,0.15864408158472224
603,0.15998594738711439,0.15959942849565473,0.0015676667818768266,0.0,2.691213141041735e-06,0.0034333994598262614,-0.00011290115355986062,52397,0.15998594738711439
604,0.16199375866114618,0.1599619755570617,0.00167609149660971,0.0,3.1266957658709505e-06,0.003730936851831096,-0.00011379494993065618,52288,0.16199375866114618
605,0.15718820011036522,0.16031069491682678,0.0015703357956586995,0.0,2.7769894758529854e-06,0.0035368097492653005,-0.00011335001556135544,52464,0.15718820011036522
606,0.1656915155263322,0.1606811573512445,0.001606212306346214,0.0,2.7476903860818344e-06,0.0034213290176218817,-0.00011353458110792725,52092,0.1656915155263322
607,0.15793258720885697,0.1610576864625883,0.0016218978244285287,0.0,2.9090819654104602e-06,0.003587256757601814,-0.00011001212118437618,52624,0.15793258720885697
608,0.16379986219539705,0.16146036907902034,0.0017208509950617963,0.0,3.220396232045739e-06,0.0037427949790970636,-0.00011344100258946137,52053,0.16379986219539705
609,0.1603470041734515,0.16182777712793806,0.0016381340049670763,0.0001,3.0781752405921616e-06,0.00375814827267935,0.00034044683376104,52203,0.1603470041734515
610,0.15516495404931013,0.1622087238250882,0.0015842667760813955,0.0001,2.7795644332487203e-06,0.003508960075680983,0.0003361341932462734,52734,0.15516495404931013
611,0.1636423869706855,0.16255276702009683,0.0014786382606475211,0.0001,2.4165947644902253e-06,0.003268676090434663,0.00034175622474771027,52104,0.1636423869706855
612,0.15886968622210437,0.16293174648203793,0.0016564760655000906,0.0001,2.917902188552171e-06,0.0035230236636968923,0.0003414687676267036,52485,0.15886968622210437
613,0.16386076215849465,0.1633327841365884,0.001704034037861926,0.0001,3.034402425826898e-06,0.003561434054021834,0.000344456607479712,52186,0.16386076215849465
614,0.16382550820073635,0.16373453591843007,0.0016812484780815654,0.0001,3.0528703918548933e-06,0.0036316706681435384,0.0003481833651061988,52035,0.16382550820073635
615,0.1635654590636587,0.16411943514853833,0.0016877894036011036,0.0001,3.037179744054545e-06,0.003599003213996193,0.00034170118849276136,52004,0.1635654590636587
616,0.16400708965701086,0.16452546517697222,0.0017458806774422568,0.0001,3.2127548865651578e-06,0.0036803831190478542,0.0003411633294235388,52084,0.16400708965701086
617,0.1634152956343875,0.16493630834425393,0.0017581274815663538,0.0001,3.3257373031123167e-06,0.003783272075525883,0.00034435397322777597,52078,0.1634152956343875
618,0.17034677938439433,0.16532517313359502,0.001685078557427432,0.0001,2.9173985898018747e-06,0.0034626262104430253,0.00035456866829953234,51730,0.17034677938439433
619,0.1638796898370857,0.1656807706885381,0.0015805070652291882,0.0001,2.7725997852635152e-06,0.003508494009625275,0.000339011631539412,52101,0.1638796898370857
620,0.16255717421647659,0.16603928342700983,0.0016709659197354113,0.0001,3.0678128160933464e-06,0.0036719035138420043,0.0003338610541531542,52284,0.16255717421647659
621,0.1681608086258491,0.16638791869925468,0.001557091469587215,0.0001,2.7515381193581943e-06,0.003534202290746127,0.0003568804122514822,51662,0.1681608086258491
622,0.17177165489310472,0.16679684488619095,0.0017990594850974333,0.0001,3.1996758631904823e-06,0.0035570539937062676,0.000361690862569357,51531,0.17177165489310472
623,0.16318038785530875,0.16718560909738295,0.0016960623471530243,0.0001,3.1056935001276118e-06,0.003662239781857979,0.00034043797437816444,52125,0.16318038785530875
624,0.16859089703449856,0.167527799101208,0.0015120201707485672,0.0001,2.6038682017901847e-06,0.0034442241607148243,0.0003558419130117056,51716,0.16859089703449856
625,0.1646688941974963,0.16787088603211353,0.0015178182394529074,0.0001,2.5866415017159783e-06,0.0034083679250663437,0.00034904315526127064,52005,0.1646688941974963
626,0.16792826391755006,0.16823875191810145,0.0017015261919398406,0.0001,3.1123795756493106e-06,0.003658338720135731,0.0003557630254868644,51792,0.16792826391755006
627,0.16498374816441747,0.16860686217762777,0.0016655723444983835,0.0001,2.969706306076563e-06,0.0035659889717620666,0.0003551715117079147,52048,0.16498374816441747
628,0.16671557280103264,0.1689825581609008,0.0016790894072536233,0.0001,3.035881512567623e-06,0.003616104657027425,0.00035343988399197233,51918,0.16671557280103264
629,0.17038746264281465,0.16935735327536372,0.001705422534852339,0.0001,3.2608136984273448e-06,0.0038240537248555554,0.00034940527714671173,51681,0.17038746264281465
630,0.16854021511619038,0.1697131784579534,0.0016128888145871395,0.0001,2.8114833089947357e-06,0.0034862704528264795,0.00034918713661293867,51791,0.16854021511619038
631,0.16821961912878125,0.17009306827160509,0.001680591403655057,0.0001,2.9351386082935337e-06,0.003492983008136312,0.00035452443510406513,51794,0.16821961912878125
632,0.17090042399193905,0.17047143567285514,0.0016841573747292005,0.0001,3.1201498591362695e-06,0.003705294892216311,0.0003599168361116601,51504,0.17090042399193905
633,0.17241926294815957,0.17083617601597825,0.0016448294490677845,0.0001,2.7734164932265385e-06,0.0033722845791682365,0.00035961857277020857,51438,0.17241926294815957
634,0.17282326654364058,0.17120618461290066,0.0016495983883014426,0.0001,2.8989736262883363e-06,0.0035147629227176313,0.0003618161091168016,51514,0.17282326654364058
635,0.1729545347663629,0.17159577337196924,0.0017569324610589116,0.0001,3.0433965713180836e-06,0.0034644434419338053,0.0003666333837813265,51330,0.1729545347663629
636,0.17308053394765105,0.17195348509626518,0.0016745227143046624,0.0001,3.057440827464188e-06,0.0036517161592923217,0.0003531439043188467,51451,0.17308053394765105
637,0.16996529927878518,0.17230809208587625,0.0016418014992895125,0.0001,2.88301396848482e-06,0.003512012834355969,0.0003593460835727845,51602,0.16996529927878518
638,0.17042703727986538,0.1726775658307273,0.0016752693366663296,0.0001,2.945032466379389e-06,0.0035158913279458685,0.00035637498655239795,51660,0.17042703727986538
639,0.16999992645554213,0.17305489856155307,0.0017663903252090167,0.0001,3.3130854390977822e-06,0.0037512495305427407,0.00036051557562456684,51586,0.16999992645554213
640,0.1698021599086757,0.173445006699858,0.0017866730799223477,0.0001,3.3470748916356307e-06,0.0037467121761090177,0.0003812066382418413,51613,0.1698021599086757
641,0.17118216609104636,0.17381856272126017,0.001724812039269722,0.0001,3.0232420184476254e-06,0.0035055901160426176,0.00038551841206912064,51582,0.17118216609104636
642,0.17726991773831532,0.17417897538948787,0.001644803276672116,0.0001,2.877949593383747e-06,0.0034994453551997064,0.0003802475111937988,51074,0.17726991773831532
643,0.17460036973627416,0.17454907587421226,0.001698158860362266,0.0001,3.003158790406488e-06,0.0035369585973432757,0.0003882692872090507,51302,0.17460036973627416
644,0.17228539557290704,0.17488645849071024,0.0015676168276618594,0.0001,2.7482574618907667e-06,0.0035062872679031687,0.0003684597070056548,51471,0.17228539557290704
645,0.17337032541378528,0.17524352348254782,0.0016126567459961636,0.0001,2.873977715785734e-06,0.0035642770514198088,0.00036938556222412193,51319,0.17337032541378528
646,0.17366197052088808,0.17560456999380036,0.001712907273274205,0.0001,2.9597350904025815e-06,0.003455803050850589,0.00037964564547149316,51460,0.17366197052088808
647,0.17270530373255455,0.1759217170915438,0.0015410570543847237,0.0001,2.5847477159777432e-06,0.0033545126815693643,0.000368679794051724,51355,0.17270530373255455
648,0.17904631310802677,0.1762687000321286,0.0016868972208245927,0.0001,2.8951065010194693e-06,0.0034324634189678454,0.000384308328878768,51094,0.17904631310802677
649,0.1794186815798377,0.17661590245625305,0.001648220676182057,0.0,2.8635365477950314e-06,0.003474700432017556,-0.0008740812498005714,51017,0.1794186815798377
650,0.1755759854073455,0.17693621459037562,0.0016050578631828904,0.0,2.900482060000927e-06,0.0036141775652239246,-0.0008581259613681862,51244,0.1755759854073455
651,0.18265354091923575,0.1773388066724188,0.0018642466538873318,0.0,3.3782968450625286e-06,0.0036243024366095504,-0.000878541155438145,50599,0.18265354091923575
652,0.1802703891013322,0.17765174667578823,0.0015061809270735084,0.0,2.524197452495804e-06,0.0033517851768316963,-0.0008561681602180226,50938,0.1802703891013322
653,0.17550568747083622,0.17801207407822214,0.0017291967484945384,0.0,3.1094192988868513e-06,0.0035963742143211327,-0.0008817805002711573,51091,0.17550568747083622
654,0.18273850514321632,0.17838141572547203,0.0017438735808761358,0.0,3.1031321849347532e-06,0.0035588958041049227,-0.0008727175910155263,50664,0.18273850514321632
655,0.1808862304778791,0.17872412669349386,0.0016323364961779963,0.0,2.8396388833431525e-06,0.0034792322416266146,-0.0008973570543201592,50921,0.1808862304778791
656,0.17485339323044458,0.17909146948319665,0.0017994489305963022,0.0,3.217218583683056e-06,0.003575782039690265,-0.0008340516223710662,51385,0.17485339323044458
657,0.17900725228202619,0.17941423230662135,0.0015939467896019179,0.0,2.6714549266585164e-06,0.003352000134616416,-0.0008645599959432647,50977,0.17900725228202619
658,0.1786015713430233,0.17978003189780903,0.0017731609090207766,0.0,3.1222675454698035e-06,0.0035216967953507023,-0.0008493007292174246,51090,0.1786015713430233
659,0.17741994000979042,0.18016892855791708,0.0018622271022492721,0.0001,3.393248875740503e-06,0.0036442911518600515,0.0003680474821067377,51097,0.17741994000979042
660,0.17861354493714424,0.1805286606850956,0.0017585669819376922,0.0001,3.211755447895866e-06,0.0036526961792003685,0.0003807064549921042,50958,0.17861354493714424
661,0.18159341913712002,0.18086957727535125,0.0017242469116052087,0.0001,2.9356143598972417e-06,0.003405097425593525,0.0003703743583145943,50664,0.18159341913712002
662,0.17908777899107073,0.18119738237281496,0.0016513802484657168,0.0001,2.8081808063524857e-06,0.0034010105291758727,0.0003731513003090966,51042,0.17908777899107073
663,0.17719559440113494,0.1815432434443052,0.0017033570287022202,0.0001,2.998703564563469e-06,0.0035209336786524046,0.0003606925531876261,51121,0.17719559440113494
664,0.1806135278506875,0.18187666890863657,0.0016621106975272203,0.0001,2.8439655454596747e-06,0.003422113280048965,0.0003730370718457077,50765,0.1806135278506875
665,0.1823748515586031,0.18221683805165262,0.0016660790999093733,0.0001,2.8091036021437763e-06,0.003372113127517869,0.0003754458993343178,50643,0.1823748515586031
666,0.18762048179196916,0.182613060321767,0.0019372807646320298,0.0001,3.614437155955237e-06,0.0037314541309057684,0.00037662674952868263,50142,0.18762048179196916
667,0.1795551426524647,0.18291984657890245,0.0016134645916016511,0.0001,2.80088564650802e-06,0.003471889821551822,0.00036541897812551104,50934,0.1795551426524647
668,0.18010514150692952,0.1832659791607643,0.0017360058809954904,0.0001,3.0272339349419295e-06,0.003487584884454425,0.00037856149043944255,50859,0.18010514150692952
669,0.18128348178805212,0.1836349778624451,0.0017972553077099586,0.0001,3.116544232067921e-06,0.0034681152073368863,0.0003155274175847318,50894,0.18128348178805212
670,0.18426855171340684,0.18401400356401287,0.0018631730811753868,0.0001,3.408604466531179e-06,0.003658924123550404,0.0003285139522954264,50341,0.18426855171340684
671,0.18506669966674874,0.18436175085333362,0.0017261233299909948,0.0001,2.7985934473206276e-06,0.003242634403574428,0.0003398082214083992,50562,0.18506669966674874
672,0.18330523460270584,0.18468675927692585,0.0016964562750715335,0.0001,2.948367641344682e-06,0.003475913508257512,0.00033994022104809937,50558,0.18330523460270584
673,0.1820873676662787,0.18500466610794364,0.0016033125095915753,0.0001,2.6043279475041896e-06,0.0032486841235556886,0.00033207341634347885,50763,0.1820873676662787
674,0.18064426371286393,0.1853254011833979,0.0016552090649775677,0.0001,2.879291729783938e-06,0.003479067135030414,0.0003274221055581485,50683,0.18064426371286393
675,0.18798311346012458,0.18562069846541487,0.0016301348383510785,0.0001,2.784121993830256e-06,0.0034158180395021352,0.0003374161419418721,50363,0.18798311346012458
676,0.18883945124521434,0.18592882385901638,0.0015855359800013018,0.0001,2.656393572628687e-06,0.003350783086772343,0.0003375753859065313,50002,0.18883945124521434
677,0.18249612376473198,0.18625571300245758,0.0016719547044112678,0.0001,2.7193807470088823e-06,0.0032529359076942654,0.0003347236414082991,50598,0.18249612376473198
678,0.18908489352608854,0.1866002662175189,0.0017434565193102942,0.0001,2.943756150183484e-06,0.0033769194901952858,0.0003358681270202222,50038,0.18908489352608854
679,0.18737940927940655,0.18698330612200553,0.001915349507008008,0.0001,3.508448212137646e-06,0.0036635070511159473,0.0003584200585987163,50317,0.18737940927940655
680,0.1889508819567866,0.18731490523949582,0.0017073285492138928,0.0001,2.9490489003814054e-06,0.0034545769198778276,0.0003810584840149414,50084,0.1889508819567866
681,0.19027787905572216,0.18761474566181682,0.0016697275119855971,0.0001,2.85492172570332e-06,0.0034196259032808537,0.00036741049232337687,49964,0.19027787905572216
682,0.18187655739899808,0.18792781470333575,0.0016206992521415934,0.0001,2.6221915624130427e-06,0.0032358768092822614,0.00036220529712832053,50683,0.18187655739899808
683,0.1866989313735511,0.18825105149598292,0.0016293266838060337,0.0001,2.6349519722165487e-06,0.0032344059646300266,0.00037024535413235165,50488,0.1866989313735511
684,0.19019843709213724,0.18856746342395325,0.0016305394165844918,0.0001,2.683746350982342e-06,0.0032918509343417327,0.0003822085887965138,50082,0.19019843709213724
685,0.1947262475487152,0.18890494054928242,0.001756109202294706,0.0001,3.0996086008501896e-06,0.003530086394171769,0.00039271381228851503,49775,0.1947262475487152
686,0.19100875335971199,0.18926847713500122,0.001849145970205327,0.0001,3.246939868992448e-06,0.0035118264553575633,0.00035873614411248043,50079,0.19100875335971199
687,0.19080012448187358,0.1895972210910073,0.0016781167315781994,0.0001,2.8058049662501956e-06,0.0033439926000993414,0.0003946733396637668,49999,0.19080012448187358
688,0.18851517669371815,0.18987083485192083,0.0014742721299743115,0.0001,2.316930998563001e-06,0.0031431524091869957,0.0003776630798921832,50198,0.18851517669371815
689,0.18876713951722376,0.19017781103146622,0.0016102274815797478,0.0001,2.6493247209081947e-06,0.0032906216683235567,0.0004608020482773614,50256,0.18876713951722376
690,0.1927650347646076,0.19050643526611838,0.0017596221144334965,0.0001,3.061080089739488e-06,0.0034792471231529054,0.00047761237086713614,49831,0.1927650347646076
691,0.19375718709761072,0.19084642584326533,0.0017653744049405163,0.0001,2.948533643777978e-06,0.003340406018719103,0.00047361862911290097,49847,0.19375718709761072
692,0.1911342670581082,0.19117372296275592,0.001668755607406926,0.0001,2.7341576033711225e-06,0.0032768819966630365,0.00047660025364764806,49953,0.1911342670581082
693,0.1896241283054283,0.1914697663316665,0.0016206911639950756,0.0001,2.6713292581732595e-06,0.0032965309091811347,0.00047109903066294093,50097,0.1896241283054283
694,0.19051145772975261,0.1918082553524978,0.0017402952886041297,0.0001,2.93651027361901e-06,0.0033747264534334845,0.0004770577367996454,50130,0.19051145772975261
695,0.19295048900455475,0.19214286052547697,0.0017341139634524708,0.0001,2.8061349859044773e-06,0.003236390508404309,0.0004755161984463201,49821,0.19295048900455475
696,0.19027135150814783,0.19244653347004564,0.0016555969572674535,0.0001,2.7376899082296407e-06,0.003307193693745573,0.00047545467283480127,50092,0.19027135150814783
697,0.19030926382135488,0.1927528561550146,0.0016226211145939167,0.0001,2.6863521937497537e-06,0.0033111268793294974,0.0004727238610289521,50048,0.19030926382135488
698,0.19566201775908038,0.19307905203980347,0.0017206134016872982,0.0001,2.842627879010281e-06,0.0033042028804642493,0.000493789396800157,49473,0.19566201775908038
699,0.18996226393546273,0.19337734341233134,0.0016431933423614858,0.0001,2.708147168629347e-06,0.0032962002690899187,0.00037098958244635445,50083,0.18996226393546273
700,0.1956156643395378,0.1936703470428328,0.0015892315251845722,0.0001,2.6564773146110987e-06,0.0033430966759894565,0.0003863454559698418,49518,0.1956156643395378
701,0.19481684403272254,0.19397762604521085,0.0016606372747556902,0.0001,2.7132647564750135e-06,0.0032677391959351075,0.0003805005456676843,49735,0.19481684403272254
702,0.19270022857513577,0.1942892032760707,0.0016279401205975589,0.0001,2.5707409815273353e-06,0.0031582746183363396,0.00038304150700123427,49776,0.19270022857513577
703,0.19606116881831887,0.19458011439630934,0.0016064743132674219,0.0001,2.5793286146308916e-06,0.0032111669552745883,0.0003942998229045031,49504,0.19606116881831887
704,0.19743331313817436,0.19489312068778422,0.0016851921933393773,0.0001,2.7211075517236627e-06,0.003229432894928755,0.00039065706521060475,49592,0.19743331313817436
705,0.194555971704883,0.1951763422220743,0.0015908980990067172,0.0001,2.6317899309670584e-06,0.0033085587726960327,0.0003857778243070002,49720,0.194555971704883
706,0.19685448700465713,0.19545902192081055,0.0016154457488117043,0.0001,2.67375303082439e-06,0.0033102356210862045,0.00038040549150729656,49605,0.19685448700465713
707,0.1978756691478863,0.195760639129959,0.0016510924203905336,0.0001,2.7905462187812057e-06,0.0033802422981521005,0.00038130465549993873,49515,0.1978756691478863
708,0.19870724602957807,0.19603289530659512,0.0015508707846893142,0.0001,2.4776082366730054e-06,0.003195118846950675,0.00039114319845678317,49528,0.19870724602957807
709,0.19017107600975705,0.19633234256290874,0.0016060767589740905,0.0001,2.4430858699610646e-06,0.0030423027496165596,0.00047520315680999473,50175,0.19017107600975705
710,0.1984275658328916,0.19662773700185573,0.0016264961215122118,0.0001,2.655275933633889e-06,0.0032650258411500953,0.0004937958590840892,49362,0.1984275658328916
711,0.19898883000972528,0.1969410893972784,0.0017369253449724456,0.0001,2.9390732571701166e-06,0.003384225195029026,0.0005020687360889524,49282,0.19898883000972528
712,0.1978644871023008,0.1972118113268938,0.001547840622324832,0.0001,2.402309883415604e-06,0.0031040791264508524,0.00047727592737006126,49477,0.1978644871023008
713,0.19711657320736997,0.1975109844571199,0.0016751277887849863,0.0001,2.6468042545378475e-06,0.003160122197552036,0.0004908059947141439,49542,0.19711657320736997
714,0.19962788071741427,0.19784571507794257,0.001793599611346042,0.0001,2.994846522260132e-06,0.003339481680655127,0.000492008521987168,49336,0.19962788071741427
715,0.19908228273588646,0.1981538238292111,0.0016863776103223527,0.0001,2.9528095963550915e-06,0.003501955408184836,0.000500716629686417,49465,0.19908228273588646
716,0.19529658616812695,0.19846819014114792,0.0017539573735741278,0.0001,2.787463040842917e-06,0.003178484360954294,0.0004913721050119977,49737,0.19529658616812695
717,0.19483443847837534,0.1987830347327161,0.0017147156848181854,0.0001,2.6212547323873413e-06,0.0030573636849484795,0.000489408487329854,49714,0.19483443847837534
718,0.20155395317081243,0.1990594668258277,0.0016163873554034503,0.0001,2.621226137586508e-06,0.0032433143315851415,0.0005042675337463995,49148,0.20155395317081243
719,0.19941029628136137,0.199368330752268,0.0017274283447199338,0.0001,2.7422009052804644e-06,0.0031748939557027516,0.000298171253349312,49447,0.19941029628136137
720,0.19940536360355554,0.199663804719255,0.0016273152766590848,0.0001,2.6038783678060185e-06,0.003200213757166761,0.0002974966378581145,49285,0.19940536360355554
721,0.19617702849365312,0.19997503185333654,0.0017472160413029246,0.0001,2.8469339505422183e-06,0.003258823045625449,0.0002953630124216583,49434,0.19617702849365312
722,0.20193435599899223,0.20024959731730574,0.001648922625169668,0.0001,2.694608525425165e-06,0.003268326220155904,0.0002958770407354825,49049,0.20193435599899223
723,0.20275739077115656,0.20056809466145548,0.0017654583142798057,0.0001,2.879485133110853e-06,0.003262025627929368,0.0002989407401352785,49233,0.20275739077115656
724,0.20332456373939983,0.20088392519887532,0.0017989098200187593,0.0001,3.058418052200002e-06,0.0034003016917969887,0.000304274698624059,48942,0.20332456373939983
725,0.20045395572880154,0.20118714129131066,0.0017260313144898398,0.0001,2.8344909820291856e-06,0.0032844027315541164,0.0002935055423059514,49135,0.20045395572880154
726,0.19768223183339867,0.20144065970292202,0.0015584987058499392,0.0001,2.6084971173208782e-06,0.003347448551005776,0.000299403107404212,49542,0.19768223183339867
727,0.20526695267662395,0.2017470021587393,0.0017495862354498521,0.0001,2.7784378485674325e-06,0.0031761084904203575,0.0002958028010672639,48855,0.20526695267662395
728,0.20364733756565848,0.20200388224267882,0.001548276124395847,0.0001,2.306290151765526e-06,0.0029791716289178888,0.0002980859896293418,49040,0.20364733756565848
729,0.19927612679946008,0.2022927639419879,0.0016680657244014993,0.0001,2.662743332464856e-06,0.003192612009841813,0.0004429295228800246,49216,0.19927612679946008
730,0.19509661251100746,0.20258011806361725,0.0016420580526158184,0.0001,2.640793724054147e-06,0.0032164438033689857,0.0004277604468199444,49763,0.19509661251100746
731,0.20109271096174888,0.20288051962776238,0.0016750151392257065,0.0001,2.690018767595965e-06,0.00321193367701674,0.00043377365558915136,49223,0.20109271096174888
732,0.20313901010912327,0.20318242160512712,0.0017597830234909661,0.0001,2.7932853287834912e-06,0.0031745792424367368,0.0004320012435258362,49019,0.20313901010912327
733,0.20413392188676358,0.20343650883617637,0.0015362601049075607,0.0001,2.4615176166891668e-06,0.003204558406256706,0.0004408244835835376,48780,0.20413392188676358
734,0.2028329698222815,0.20373106686230627,0.0017586010834499683,0.0001,3.0127263331233137e-06,0.0034262759888820738,0.0004345838507733447,49009,0.2028329698222815
735,0.2049360945290408,0.20400232951540342,0.0016763555200075733,0.0001,2.683999381172561e-06,0.0032021839629345883,0.00043657208853358685,48844,0.2049360945290408
736,0.20971969146654423,0.20424619282448703,0.0014845109395755004,0.0001,2.3134290665872593e-06,0.003116755835088411,0.0004436281611716995,48360,0.20971969146654423
737,0.20363929418807153,0.20454134114154376,0.0017253871470866958,0.0001,2.7560200611014726e-06,0.0031946685887338303,0.0004409477513726663,48968,0.20363929418807153
738,0.20295382373723178,0.20481746756934233,0.0015806725485582487,0.0001,2.444537344933685e-06,0.0030930344772082965,0.0004448509891497614,49048,0.20295382373723178
739,0.20544298262794397,0.20512399294589928,0.0017459071334589025,0.0001,2.6198231277984014e-06,0.003001102495764641,0.00044043041771066197,48997,0.20544298262794397
740,0.20376488475932278,0.20540289346906088,0.001755211136951117,0.0001,2.85704622406934e-06,0.003255501476628232,0.000454900668759293,49031,0.20376488475932278
741,0.2028116553983643,0.20567377061064085,0.0016253694209477415,0.0001,2.5311781147930393e-06,0.0031145880833873775,0.00045021698734347713,48988,0.2028116553983643
742,0.21261430488449318,0.20594332230693713,0.0015945441913280357,0.0001,2.477917763821621e-06,0.003107995096401633,0.0004553845942229202,48294,0.21261430488449318
743,0.20739189564233865,0.20621883084231873,0.0016401424821439413,0.0001,2.6461829134956197e-06,0.003226771993658276,0.00044655916905328604,48656,0.20739189564233865
744,0.20608600856955975,0.20645723834167526,0.0015211528958735184,0.0001,2.350437345572302e-06,0.003090336746488024,0.00044571330141045034,48797,0.20608600856955975
745,0.20543884137681656,0.206746214933091,0.0016877691040923836,0.0001,2.628079634464962e-06,0.003114264419336246,0.00044012004280647083,48902,0.20543884137681656
746,0.21275905062244715,0.2069749107493854,0.0015059858305797292,0.0001,2.3315627493609734e-06,0.0030963940058631742,0.000474127744985215,48078,0.21275905062244715
747,0.20274362884639496,0.2072469939597233,0.0015787538122826142,0.0001,2.39569911509954e-06,0.0030349242503310368,0.000438653135263943,49175,0.20274362884639496
748,0.2086421320859448,0.20751513837238225,0.0016526864926971379,0.0001,2.6183056620755045e-06,0.003168544879679513,0.0004368228935343636,48630,0.2086421320859448
749,0.20608240919018586,0.20780752354030707,0.0017328599270778015,0.0001,2.6657942973527396e-06,0.003076756817670989,0.0003242292095704621,48604,0.20608240919018586
750,0.20450802980679944,0.20806612381909703,0.0015937882952078884,0.0001,2.4886365017661527e-06,0.0031229197870869586,0.00032680749649016585,49038,0.20450802980679944
751,0.2081368087851619,0.20831516669417183,0.0016280926675861422,0.0001,2.571762498833787e-06,0.0031592335621125995,0.000323517197160755,48656,0.2081368087851619
752,0.20948623919533976,0.2086047645792951,0.0017235530713158931,0.0001,2.643897186014838e-06,0.0030679614454764462,0.00032507681117331964,48418,0.20948623919533976
753,0.20913947425756207,0.20887596998550273,0.001652251150243011,0.0001,2.4738233563280423e-06,0.0029944882846220993,0.00031717421627194895,48609,0.20913947425756207
754,0.21367151976090265,0.20913917451687025,0.0015896179884308554,0.0001,2.4800927379857405e-06,0.003120363201770119,0.0003299708321128763,48162,0.21367151976090265
755,0.20837752641909477,0.20939568894819005,0.0016763564701607464,0.0001,2.6717583432800246e-06,0.003187577810373266,0.00034660368968410054,48613,0.20837752641909477
756,0.2147299943867243,0.20964411530699603,0.001559943736309827,0.0001,2.4528874616494066e-06,0.0031448409382403885,0.0003355250297905666,48184,0.2147299943867243
757,0.2089060238441181,0.20991025571783045,0.0016674407072461179,0.0001,2.6863197471673692e-06,0.003222087280817311,0.0003404968451302681,48463,0.2089060238441181
758,0.20705154199754588,0.21015005358974478,0.0016079710708076847,0.0001,2.5445635984247714e-06,0.003164937037264775,0.0003354218714239932,48686,0.20705154199754588
759,0.21351857823074505,0.21040603553206566,0.0016641892678739996,0.0001,2.625021445324918e-06,0.0031547150267089274,0.0003597504983980332,48324,0.21351857823074505
760,0.20820719078520156,0.21066253607552154,0.001603606291138899,0.0001,2.505161451403871e-06,0.0031244096075785256,0.0003396286544574172,48694,0.20820719078520156
761,0.21031463195747327,0.21095779875088475,0.0017785987674655366,0.0001,2.7278355304501445e-06,0.0030673984266133825,0.0003555283483447071,48309,0.21031463195747327
762,0.21368546875941588,0.211235004337621,0.00168161599399454,0.0001,2.656568262467879e-06,0.0031595420975479905,0.00034648445899020927,48287,0.21368546875941588
763,0.21187604246945238,0.21149113377220313,0.0016136032415353877,0.0001,2.4088583443965207e-06,0.002985688529113794,0.00032515571796145937,48402,0.21187604246945238
764,0.20967683121500696,0.2117622186879804,0.0016670774672478876,0.0001,2.5577109524487657e-06,0.0030684968187725432,0.00034616895877436074,48553,0.20967683121500696
765,0.21236390229369162,0.21203335428586212,0.0016571976266099699,0.0001,2.5120437638614345e-06,0.003031676757829025,0.0003643813910141491,48153,0.21236390229369162
766,0.21085753697604087,0.21225938194120572,0.001514064125020967,0.0001,2.2258346785959365e-06,0.002940211899631546,0.0003553374812533327,48378,0.21085753697604087
767,0.21508399447551466,0.21252411537243046,0.001651191395166043,0.0001,2.4172304191391745e-06,0.0029278621802605732,0.00034391327228988123,48000,0.21508399447551466
768,0.2088489603815526,0.2127662491049988,0.0015848415324920754,0.0001,2.4565292276028807e-06,0.0031000313624291826,0.00035435155181503804,48682,0.2088489603815526
769,0.21293417869554335,0.2130276195870965,0.0016143401840438601,0.0001,2.426566089181033e-06,0.0030062636279084352,0.00040057227352286796,48292,0.21293417869554335
770,0.21589739516256407,0.21328300993603938,0.0016333984820983936,0.0001,2.4655022040720883e-06,0.0030188618773597823,0.0004076697435373552,48037,0.21589739516256407
771,0.21467554900566035,0.2135192053767372,0.0015530350837318519,0.0001,2.3459646552260463e-06,0.0030211354267526674,0.00041379132529105006,47931,0.21467554900566035
772,0.21284143479904577,0.21375196100500612,0.001587561214474394,0.0001,2.4331605990287425e-06,0.0030652809817280744,0.00040436829760131024,48122,0.21284143479904577
773,0.20988435025639907,0.21400238486354506,0.0016002433472943158,0.0001,2.5110472796836833e-06,0.0031383317842618758,0.0004117351858752547,48502,0.20988435025639907
774,0.21852384118850354,0.21425320377838936,0.0015662151093226427,0.0001,2.266140433163385e-06,0.0028937793023123696,0.0004012940036153252,47777,0.21852384118850354
775,0.21530313999613146,0.21453015973693298,0.001712925066752624,0.0001,2.627348205615249e-06,0.003067674420336664,0.0004117350015610773,47962,0.21530313999613146
776,0.2125725920907564,0.21478598661810713,0.0016411535882459869,0.0001,2.5692166628976245e-06,0.0031309886914892854,0.00041856389530371826,48151,0.2125725920907564
777,0.2122261508809429,0.2150403373101641,0.0016760082015613133,0.0001,2.5813329262025543e-06,0.0030803344802225554,0.00041760432913222215,47941,0.2122261508809429
778,0.21303312401261634,0.2152548025353786,0.0014609423317119147,0.0001,2.1361327879065847e-06,0.0029243218456179443,0.0004135389408373217,48127,0.21303312401261634
779,0.21514487949483835,0.21548544056980862,0.0015853715097067028,0.0001,2.3908406027616628e-06,0.0030161266152738844,0.0003626446466535569,48050,0.21514487949483835
780,0.21890478608915842,0.21571206673844617,0.0015127514605652232,0.0001,2.2480222356492188e-06,0.0029720972601927215,0.0003769001877349118,47731,0.21890478608915842
781,0.22025026444976087,0.21596290557594489,0.0016818635831330705,0.0001,2.601304208661171e-06,0.0030933593363325165,0.00038188678282236304,47547,0.22025026444976087
782,0.21209371101205185,0.2162289186361868,0.0017310462095341634,0.0001,2.675118335856486e-06,0.0030907532348040303,0.0003864052029756632,48224,0.21209371101205185
783,0.21575883863620832,0.2164599620728606,0.0015534098162719664,0.0001,2.3455393533963633e-06,0.0030198590595048908,0.0003819631919050269,47931,0.21575883863620832
784,0.21536097875096996,0.2166911215073701,0.0015272220695031584,0.0001,2.181076763205993e-06,0.00285626669069227,0.000389363443848888,48060,0.21536097875096996
785,0.21448154988512957,0.21693832134178725,0.0016620313719026166,0.0001,2.4862167842899274e-06,0.002991780812709716,0.00038226008890918567,47968,0.21448154988512957
786,0.21504346313208167,0.2172007582279341,0.0017088531292255536,0.0001,2.527187522711432e-06,0.002957758603697844,0.0003917812466448787,48174,0.21504346313208167
787,0.2171557419798827,0.2174281030487944,0.0015904667536816629,0.0001,2.3297856588327083e-06,0.002929687971709747,0.00039010836564469964,47787,0.2171557419798827
788,0.21526269275061896,0.21768457457589596,0.0016966083803138532,0.0001,2.5280938068192763e-06,0.0029801736642979535,0.0004073780836097261,48071,0.21526269275061896
789,0.22064699110182623,0.21792123968518226,0.0015324787829224364,0.0001,2.1779576663425474e-06,0.002842398460080711,0.0003134564932998308,47604,0.22064699110182623
790,0.22078682405876998,0.21816591263663848,0.0016507048726265335,0.0001,2.4059595375986422e-06,0.0029150692864562495,0.0003152317679589233,47694,0.22078682405876998
791,0.22255840490444662,0.2184026126601527,0.0015981784648961205,0.0001,2.3229262355314274e-06,0.002906967258731539,0.0003339540034722027,47398,0.22255840490444662
792,0.21467641795024536,0.2186476086516564,0.0016755848644016747,0.0001,2.5074211923730224e-06,0.0029928907161242274,0.0003056822248958733,48160,0.21467641795024536
793,0.21858255670746715,0.21888128423981135,0.0016580818525138339,0.0001,2.544200481736943e-06,0.0030688478712672194,0.0003142214016546716,47816,0.21858255670746715
794,0.22203011172731363,0.21913594075735554,0.0017201866369045671,0.0001,2.5716961336993885e-06,0.0029900198949656897,0.00033090313919777924,47360,0.22203011172731363
795,0.21798518774849457,0.2193984995350498,0.0017232131603099909,0.0001,2.555694297064207e-06,0.002966196354494484,0.0003303227848216566,47736,0.21798518774849457
796,0.22159147210421268,0.21963502108138672,0.00165705223681689,0.0001,2.5064270222117237e-06,0.0030251635603551494,0.00031515837842442565,47328,0.22159147210421268
797,0.22316222244176825,0.2198611178149012,0.0015165013615315176,0.0001,2.199666342845511e-06,0.0029009750978714107,0.0003117807302092858,47423,0.22316222244176825
798,0.22454487182753924,0.22009505723094921,0.0016072305663166382,0.0001,2.242846762422542e-06,0.00279094587849032,0.00032472903242915376,47341,0.22454487182753924
799,0.2201535525850991,0.22032530541049722,0.001599001547539738,0.0001,2.302731743785131e-06,0.0028802120264713547,0.00043342288285922327,47678,0.2201535525850991
800,0.22172263220026667,0.22057758635883107,0.0017752549969812469,0.0001,2.7107127452220053e-06,0.0030538854979498364,0.00042508304941311535,47610,0.22172263220026667
801,0.2220528964647295,0.22082926085713162,0.00169025544348382,0.0001,2.4987133563920836e-06,0.0029566103348756976,0.00043972837822886307,47341,0.2220528964647295
802,0.2171736808287184,0.22107622972656155,0.0017058359261627593,0.0001,2.555972127333575e-06,0.0029967385352038856,0.00043102860443701186,47830,0.2171736808287184
803,0.21769902194944923,0.22127618430759172,0.0015138246908875342,0.0001,2.149813458520543e-06,0.0028402409756708843,0.0004258593037341126,47837,0.21769902194944923
804,0.2182393485734918,0.2214801877586836,0.001543391679125462,0.0001,2.284572925755064e-06,0.002960457745955427,0.0004356224873108391,47762,0.2182393485734918
805,0.22392317154983116,0.22174106024966786,0.0017312455789439075,0.0001,2.5910350939418786e-06,0.0029932611819548545,0.00043620181678366934,47282,0.22392317154983116
806,0.2220330298493695,0.2219599588510594,0.0016402606266066088,0.0001,2.3798556054211084e-06,0.0029018017829819916,0.00044585359134153614,47454,0.2220330298493695
807,0.2264771710987627,0.22221445906617798,0.0017025251879019892,0.0001,2.4870161681412185e-06,0.0029215616729946327,0.0004381679147882785,47092,0.2264771710987627
808,0.22008181337967303,0.22247258539131115,0.001713478258222739,0.0001,2.5944315083867917e-06,0.0030282631202776956,0.00044345046588675373,47675,0.22008181337967303
809,0.22517664103772123,0.2227309044703177,0.001734079218087814,0.0001,2.518206685837539e-06,0.0029043732945653877,0.0004872001088691374,47136,0.22517664103772123
810,0.22271910775235643,0.22298039396813607,0.001672013134206668,0.0001,2.4762626799716456e-06,0.0029620134307695796,0.0004930716821621187,47312,0.22271910775235643
811,0.22687796840169427,0.2231938310967257,0.0015351856688229008,0.0001,2.2232168504660287e-06,0.0028963491460556354,0.000496461075778104,47026,0.22687796840169427
812,0.22236783167936752,0.2234296392646371,0.0016425303303814823,0.0001,2.359062188818301e-06,0.002872473214263753,0.0004927161829934067,47430,0.22236783167936752
813,0.221138752673686,0.22367895648617736,0.0016590065048392266,0.0001,2.330001840339708e-06,0.002808912241806439,0.00048608796340230374,47665,0.221138752673686
814,0.2193255775703754,0.2239058031886731,0.0015591220303991717,0.0001,2.2156277128341557e-06,0.0028421479135496575,0.00046802364201556487,47776,0.2193255775703754
815,0.22403723395048403,0.22415220211809045,0.0017168877043970674,0.0001,2.5423793941628133e-06,0.002961614073712107,0.0004951156308321902,47281,0.22403723395048403
816,0.2250950509050929,0.22439253488811117,0.0016853101111975277,0.0001,2.6192947755453302e-06,0.003108383149358954,0.0005029106425339981,47155,0.2250950509050929
817,0.22191680828878296,0.22463800699603925,0.0016546715362360295,0.0001,2.2440069628487453e-06,0.0027123292009401563,0.000476225569771763,47754,0.22191680828878296
818,0.22458544852507736,0.2248936712869518,0.001727904779306217,0.0001,2.6281885101602905e-06,0.003042052480710833,0.0004893446677692057,47167,0.22458544852507736
819,0.2224793062037519,0.22512401736847215,0.0016102484263424929,0.0001,2.304339925697292e-06,0.002862092442383383,0.00043419400672401376,47440,0.2224793062037519
820,0.22619899431074056,0.22539471550319565,0.0018295371260709365,0.0001,2.6747270371517935e-06,0.0029239385186962162,0.00045076664421513253,46971,0.22619899431074056
821,0.22666069183888554,0.22563717236263098,0.001677931936265063,0.0001,2.475254605432675e-06,0.002950363542090254,0.00044944843904470876,46956,0.22666069183888554
822,0.22290637632474136,0.22585712603254038,0.0015373411176600362,0.0001,2.105984499705537e-06,0.002739775155316244,0.00043642628442574236,47544,0.22290637632474136
823,0.22631116381083338,0.226092426513904,0.0016848448822893239,0.0001,2.4003795019671244e-06,0.0028493774438220704,0.00045054164879079723,47138,0.22631116381083338
824,0.22978499324934015,0.22632821259268432,0.0016045350763864053,0.0001,2.2466373054780327e-06,0.0028003592299617585,0.00044629521037319714,46789,0.22978499324934015
825,0.22715923256415463,0.22650333664632027,0.0015049491499852976,0.0001,2.171874957616378e-06,0.0028863100891317103,0.00044855802214964377,47037,0.22715923256415463
826,0.2273864765363958,0.22673485537270235,0.0016618733872330572,0.0001,2.353015678011362e-06,0.0028317628720549225,0.00044201267811841085,47010,0.2273864765363958
827,0.228352186976682,0.22697239196320013,0.0017461288659767213,0.0001,2.635289119660845e-06,0.0030184360055084012,0.0004414702749008197,46867,0.228352186976682
828,0.22572200373648008,0.22722269694989067,0.0016931425397824248,0.0001,2.350186537461821e-06,0.0027761236661903595,0.00045761730622381216,47179,0.22572200373648008
829,0.22812353267353358,0.2274428816279752,0.001615154550936346,0.0001,2.3649372855569822e-06,0.002928434661792543,0.0004609492947613427,47038,0.22812353267353358
830,0.22622997536844008,0.2276825959433864,0.0016778015181586224,0.0001,2.390922554258513e-06,0.0028500660279322386,0.0004648295437763952,47224,0.22622997536844008
831,0.22851220745130943,0.22789771874511827,0.0016596725181012761,0.0001,2.439837654134424e-06,0.0029401434650803086,0.00047533473648753285,46854,0.22851220745130943
832,0.2289234651886538,0.22812772488207844,0.001693206810130557,0.0001,2.4703048385438153e-06,0.0029179009011348583,0.000470521195715848,46851,0.2289234651886538
833,0.22955978804981217,0.22833982494471597,0.001597648766535313,0.0001,2.3577590000219848e-06,0.002951536094050332,0.0004696003843241858,46754,0.22955978804981217
834,0.2296652941139748,0.228552832782667,0.0015990053473672208,0.0001,2.2027942354775905e-06,0.002755205589655487,0.00047553089912862685,46801,0.2296652941139748
835,0.22967364293949533,0.22877979584452762,0.0016385516934261633,0.0001,2.3121521269899565e-06,0.0028221900307036567,0.0004732735437850625,46582,0.22967364293949533
836,0.22642261209599523,0.22901280106599858,0.0017128548241180015,0.0001,2.5187558248523216e-06,0.0029410032763860206,0.00046904388335215644,47137,0.22642261209599523
837,0.22770966188528413,0.22915824027718734,0.0015588294910874791,0.0001,2.194217750319205e-06,0.0028152120072971708,0.0004773654861769211,46857,0.22770966188528413
838,0.22869153611410847,0.22937623214448824,0.0016241707078770967,0.0001,2.303962092307658e-06,0.0028370935162586397,0.0004658815828902979,47025,0.22869153611410847
839,0.231284804057276,0.22967168541638727,0.0001,0.021971952938181116,2.0658204631946422e-06,0.0026659707999028464,0.00018804158820173174,46689,0.231284804057276
840,0.23123514315739857,0.22984243812777494,0.0015342639854520577,0.0001,2.2226907139064968e-06,0.0028974032304507234,0.0001898309663236023,46726,0.23123514315739857
841,0.22728513231249742,0.23008012936900707,0.0017021651057804654,0.0001,2.4475700662139454e-06,0.0028758315605250315,0.00018379753508676014,47021,0.22728513231249742
842,0.2288808774889712,0.23031713913696197,0.0017099093369178386,0.0001,2.4161505133251114e-06,0.0028260568688165573,0.0001886903948664684,46911,0.2288808774889712
843,0.23207589896272357,0.23052939602793315,0.0016132279805081686,0.0001,2.2710647051491357e-06,0.0028155533285924633,0.0001841072462692647,46607,0.23207589896272357
844,0.23274002668715246,0.2307545852926186,0.0016462739840912095,0.0001,2.2716125609672157e-06,0.002759701705692945,0.00018689919852127068,46678,0.23274002668715246
845,0.22899520165912363,0.2310571896983461,0.0001,0.023086490224843947,2.1835516409180233e-06,0.002771527798229339,0.0001891627198116281,46723,0.22899520165912363
846,0.22825364799090597,0.23135864559049568,0.0001,0.023579122797537228,2.1768337507749334e-06,0.002726642141397905,0.00018464077476218048,46902,0.22825364799090597
847,0.22886335372855554,0.23158999445708472,0.0017232181095319745,0.0001,2.4530455312083385e-06,0.0028470517082420698,0.00017997287592805885,46819,0.22886335372855554
848,0.2339270641579194,0.2318131486841985,0.0016506664344970467,0.0001,2.2968899499541892e-06,0.002782984983460992,0.00017949215563089409,46426,0.2339270641579194
849,0.23533459381985544,0.23200187779745995,0.0015072898037157775,0.0001,2.107191417444802e-06,0.002796000360713838,0.00038627707240119244,46388,0.23533459381985544
850,0.2305860169246393,0.23221410733260847,0.0016305419530944856,0.0001,2.3485315574788752e-06,0.0028806760267919137,0.0003922380541932467,46561,0.2305860169246393
851,0.2300395121943148,0.23244614241368472,0.0017028744557406384,0.0001,2.4035957243867475e-06,0.002822986411339808,0.0003886804654324921,46833,0.2300395121943148
852,0.23623021934569544,0.23267009421524731,0.0016626098420611105,0.0001,2.2969746404019647e-06,0.0027630952040491263,0.0003937544553140257,46179,0.23623021934569544
853,0.23234852516023083,0.23288994786654937,0.001664696782181256,0.0001,2.4000439667534052e-06,0.0028834608109335347,0.00038281359336565335,46622,0.23234852516023083
854,0.23546683035745722,0.2331237886094512,0.0017220805797709344,0.0001,2.334542149749026e-06,0.0027113041946731182,0.00038338151490545255,46387,0.23546683035745722
855,0.23370763399655559,0.2333575353986886,0.0017121238440482836,0.0001,2.32581820314248e-06,0.0027168808041866032,0.00039429286476463184,46401,0.23370763399655559
856,0.22870092670871117,0.2335553573595484,0.0015771890598248101,0.0001,2.118574756211926e-06,0.002686519720657017,0.0003862932383301426,46733,0.22870092670871117
857,0.23437162271086062,0.2337967341093704,0.0017838176365207105,0.0001,2.471949962986883e-06,0.0027715276633415924,0.0003905580437975918,46372,0.23437162271086062
858,0.23331975091008203,0.23408013036135455,0.0001,0.010386821799577598,2.0193012387042057e-06,0.002705456052712019,0.0003888198483941113,46506,0.23331975091008203
859,0.23057698298061347,0.2342826360922217,0.0015503799990757576,0.0001,2.141479593990474e-06,0.002762522214253402,0.0004113872026494206,46785,0.23057698298061347
860,0.2292252315130866,0.23451905005941653,0.0017109803107643413,0.0001,2.3947656631479123e-06,0.0027992907318472953,0.00040509894716705925,46826,0.2292252315130866
861,0.23128310923560763,0.2347264477833092,0.001601018051504754,0.0001,2.2354026079557573e-06,0.0027924764569078565,0.00040890331392356993,46636,0.23128310923560763
862,0.23797425895826824,0.234913970746706,0.0015411598117136644,0.0001,2.085811619785819e-06,0.002706807696297944,0.00041651448806150776,46188,0.23797425895826824
863,0.23701237149160564,0.2351354740899185,0.00168468148601362,0.0001,2.3198415877212917e-06,0.002754041766328922,0.0004084530478821638,46036,0.23701237149160564
864,0.23654338830127825,0.2353508287801505,0.0016249709876970224,0.0001,2.1114799813387426e-06,0.0025987909905163553,0.00041428908414486174,46263,0.23654338830127825
865,0.23447128572694428,0.2355675953807765,0.0016514018008092185,0.0001,2.362839090666772e-06,0.00286161622145372,0.0004065094072626067,46569,0.23447128572694428
866,0.23507195182716942,0.23577978747906098,0.0016575059540829835,0.0001,2.2567326584277733e-06,0.0027230462163574092,0.00042716491949201357,46217,0.23507195182716942
867,0.23394308103264025,0.2359732887903097,0.0016126064654500135,0.0001,2.2793234209943965e-06,0.0028268811639153746,0.0004195652290359843,46474,0.23394308103264025
868,0.23799188093917506,0.23617492818245303,0.0015653666539855672,0.0001,2.0479794944386628e-06,0.0026166131611713066,0.00040469281214132783,46110,0.23799188093917506
869,0.23901058339102904,0.23636269487399092,0.0015544248041438546,0.0001,2.0445350964765762e-06,0.002630600195038272,0.00044680883046417755,46069,0.23901058339102904
870,0.2355855200619857,0.23655576858750108,0.0015491289943605976,0.0001,2.0224350010639964e-06,0.0026110608069778657,0.00041948635639309093,46424,0.2355855200619857
871,0.231723712175443,0.23673930999872383,0.0016002456558457594,0.0001,2.2015312497533487e-06,0.002751491612192252,0.00042366278921360094,46483,0.231723712175443
872,0.23447560083420102,0.23691990782125083,0.0014789600643623027,0.0001,1.873645267204717e-06,0.002533733414921646,0.0004419485060246021,46405,0.23447560083420102
873,0.2387271485671478,0.23711253462955423,0.0016176138474974014,0.0001,2.255909053353538e-06,0.002789181184178954,0.00043324736174589224,46151,0.2387271485671478
874,0.23498558658334529,0.2373220610736921,0.001655638396490274,0.0001,2.2180270719908166e-06,0.002679361721367092,0.00043859183409299086,46246,0.23498558658334529
875,0.2384086126661159,0.23752851425794624,0.001595520852084881,0.0001,2.192567531812904e-06,0.0027484034808418286,0.000436566338406677,46067,0.2384086126661159
876,0.23681696539372443,0.237733834507129,0.0016667258547560426,0.0001,2.3328245373924023e-06,0.002799290034093646,0.00044812016367162626,46240,0.23681696539372443
877,0.23731334263892095,0.2379478919815369,0.001664625225196003,0.0001,2.2150717076141244e-06,0.00266134583819407,0.0004354205026944096,46261,0.23731334263892095
878,0.2378796236167777,0.23814797744766142,0.001566307279994134,0.0001,2.088239928631001e-06,0.002666449879028618,0.0004328848863807943,46141,0.2378796236167777
879,0.24021308108018552,0.238372453357242,0.0016942943123932773,0.0001,2.298477854640323e-06,0.0027131978639456152,0.0004384876113906334,45996,0.24021308108018552
880,0.24148232323066637,0.2385740826321497,0.0016181274823335254,0.0001,2.260934510609355e-06,0.0027945072749754277,0.00043229311271335876,45756,0.24148232323066637
881,0.24123888607683652,0.23876594072294896,0.0016100822593971033,0.0001,2.2054703471525807e-06,0.002739574744433767,0.0004498550709080738,45908,0.24123888607683652
882,0.23632182152923992,0.23895722418928583,0.0015100352768349602,0.0001,1.8872463210023182e-06,0.0024996056051855876,0.00044113428748778904,46112,0.23632182152923992
883,0.23896775238706303,0.23914382805017442,0.001617696234740102,0.0001,2.2570434948659724e-06,0.0027904416742721636,0.00045982210184330037,46068,0.23896775238706303
884,0.23976791834674016,0.23934129069240978,0.0015912536653372316,0.0001,2.045902652129077e-06,0.0025714349593601625,0.0004589063718795825,45947,0.23976791834674016
885,0.23953920769928985,0.23953267776572634,0.0015558717830801009,0.0001,1.966058282026179e-06,0.002527275452137897,0.0004498880235012569,45974,0.23953920769928985
886,0.23764905592651012,0.23972439541718912,0.0015316035285214608,0.0001,1.942316964169224e-06,0.00253631821551658,0.00045077965387050706,46122,0.23764905592651012
887,0.2357299713219112,0.23991972053293986,0.0016330467029616494,0.0001,2.2882002549315213e-06,0.0028023696453771995,0.00043657230647907663,46262,0.2357299713219112
888,0.2400195551395535,0.24011772695721628,0.0015787779130897208,0.0001,2.057056342084908e-06,0.002605884367940239,0.00045266697343940174,45935,0.2400195551395535
889,0.24023464304737308,0.24042124074662424,0.0001,0.008683072995742103,2.149216803686352e-06,0.002552637903430562,0.0004950359866236891,45898,0.24023464304737308
890,0.24425467386059962,0.24063845117521415,0.0017359749467931963,0.0001,2.463142747613348e-06,0.0028377630128400434,0.0005037662370840411,45519,0.24425467386059962
891,0.2407386520917964,0.24086552659609067,0.0017856787495674382,0.0001,2.441670216023551e-06,0.0027347250636375886,0.0004908363321621933,45741,0.2407386520917964
892,0.2398508337388408,0.2411808272486653,0.0001,0.009127241257040461,2.325357697378343e-06,0.0026459062860978667,0.0005095422881661284,45670,0.2398508337388408
893,0.24087918895442595,0.24149561368679,0.0001,0.009168347781421905,2.3119367880105793e-06,0.002512271924646315,0.0005043300806488438,45803,0.24087918895442595
894,0.2429255077621192,0.24173415413002766,0.0018429640225250195,0.0001,2.5922472253186763e-06,0.0028131284101434316,0.0004992609894480092,45697,0.2429255077621192
895,0.23847148312773836,0.24193226656846661,0.0016534053903479275,0.0001,2.2647168952028916e-06,0.0027394574959336807,0.00048740775606595033,46041,0.23847148312773836
896,0.2442348589403354,0.2422381069083419,0.0001,0.009023123110596607,2.197484222082176e-06,0.0026062102678021497,0.0004870784084728905,45655,0.2442348589403354
897,0.24440491937047762,0.2424334169134935,0.0016715077876040183,0.0001,2.291011204338238e-06,0.0027412510086144816,0.00048527844769249816,45601,0.24440491937047762
898,0.24109672611355412,0.242744117613374,0.0001,0.009254206375884673,2.26435626833612e-06,0.002731859472081505,0.0004893680076633594,45723,0.24109672611355412
899,0.2432500656229676,0.24291649629302198,0.0014763582627844967,0.0001,1.9093737713318503e-06,0.002586599498865081,0.0003503640132287366,45617,0.2432500656229676
900,0.2424893941706937,0.2431297886483812,0.0017222330487114653,0.0001,2.3178829383386844e-06,0.0026917181040891887,0.0003528225584953976,45757,0.2424893941706937
901,0.23987242954058405,0.24331906352136662,0.0015730118675692422,0.0001,2.0392491357624753e-06,0.0025927956143315103,0.0003615454014289988,46049,0.23987242954058405
902,0.24183295078336778,0.24353179097851263,0.0017012607677624172,0.0001,2.2690715599786833e-06,0.0026675176468838216,0.0003642167591743475,45675,0.24183295078336778
903,0.24593235459943497,0.24370515315007957,0.0015190911450148731,0.0001,1.9410115307730495e-06,0.002555490547282527,0.00035403313078890766,45489,0.24593235459943497
904,0.24001149376917633,0.24394494120408916,0.0018547805166290363,0.0001,2.5263310732093012e-06,0.0027241294056730464,0.00035685016136520085,45928,0.24001149376917633
905,0.24660902966929427,0.24412112584691265,0.0015145050336380402,0.0001,1.8771433020277426e-06,0.002478886844659206,0.00034972956205650844,45438,0.24660902966929427
906,0.24524823285838734,0.2443252934941741,0.0016835280633805138,0.0001,2.2028576624896584e-06,0.0026169538962912612,0.00035323611992449003,45526,0.24524823285838734
907,0.24360103361065952,0.24451907855114632,0.0016233703717128075,0.0001,2.1008001511357994e-06,0.0025881957534056254,0.00035353227130324136,45609,0.24360103361065952
908,0.2394059032796603,0.24469510795386729,0.0015401811933257324,0.0001,2.0250882199472543e-06,0.002629675298884096,0.00035379967280622443,45822,0.2394059032796603
909,0.2462549248005656,0.24499869173403613,0.0001,0.008545219619429587,2.2665574396609694e-06,0.0026038596894233917,0.0005304854738917212,45369,0.2462549248005656
910,0.24365264737684034,0.24518498008999998,0.0016548494664176145,0.0001,2.267277455801412e-06,0.0027401615697524072,0.0005080992311983679,45745,0.24365264737684034
911,0.25015179440089097,0.24548073743372942,0.0001,0.008367432920260685,2.1277241993788437e-06,0.002607839700154608,0.0005085727533534992,45201,0.25015179440089097
912,0.2507551341504159,0.24565933403674386,0.001658476650887714,0.0001,2.2926426528509873e-06,0.002764757226607719,0.0005120243194574132,44880,0.2507551341504159
913,0.24409315161089573,0.2459533484361686,0.0001,0.00838900908316774,2.1051322826808014e-06,0.0025715190916746943,0.0005018786514141883,45567,0.24409315161089573
914,0.24767231929493613,0.24615675824400118,0.0016522357288860825,0.0001,2.132600906591533e-06,0.002581472933077542,0.0004991479793692769,45305,0.24767231929493613
915,0.24615229351192264,0.2463539140430435,0.001638200226142379,0.0001,2.1189671801572516e-06,0.0025869452907438285,0.0004924606833028371,45476,0.24615229351192264
916,0.24308074144958491,0.24664805854158472,0.0001,0.0084888763071487,2.1161813074584085e-06,0.0025720475522271707,0.0004985774867932327,45716,0.24308074144958491
917,0.2521119568260368,0.24694317979619182,0.0001,0.008596160280535774,2.1342861884297586e-06,0.002640985394900076,0.0004965673321058026,44827,0.2521119568260368
918,0.24425758027283734,0.24723972542057004,0.0001,0.008729142367199431,2.1630846220351146e-06,0.0025963102050020055,0.000495600720218084,45656,0.24425758027283734
919,0.24930391773755237,0.2474694104531529,0.0017945014994684776,0.0001,2.3281843135173048e-06,0.002594797846874913,0.000329838708974158,45079,0.24930391773755237
920,0.24468791652779898,0.24766331491017202,0.0015896470550337918,0.0001,2.0895572841147873e-06,0.0026289575129246137,0.0003199496036922579,45557,0.24468791652779898
921,0.2492049478713614,0.24783028510013144,0.001484922474717777,0.0001,1.987985653850475e-06,0.0026775615396733886,0.00034101619852927725,45111,0.2492049478713614
922,0.24954955189211744,0.24801651361773025,0.0015425466207728221,0.0001,1.8841457125764528e-06,0.002442902778046978,0.0003154043449492558,44909,0.24954955189211744
923,0.25002778114921753,0.24820004833602663,0.001560427616208181,0.0001,1.9701418516793194e-06,0.0025251307157287293,0.00032724144506768055,45049,0.25002778114921753
924,0.24862863660889206,0.24837641888716466,0.0015860314414610686,0.0001,2.086006908361017e-06,0.0026304735881394203,0.00033012374756864374,45106,0.24862863660889206
925,0.2432511722442125,0.2485538317809059,0.0015727888208941477,0.0001,2.0814373417876927e-06,0.002646810956609385,0.00032325489641665264,45650,0.2432511722442125
926,0.2455249870967783,0.24876589507284458,0.0017247659835948578,0.0001,2.2146002823405855e-06,0.0025680008805887824,0.0003273888517613371,45264,0.2455249870967783
927,0.2549566065925437,0.2489367226479816,0.0015796135151556377,0.0001,2.0301963073873536e-06,0.0025704975146244183,0.00033561890946862014,44643,0.2549566065925437
928,0.24809027825762844,0.24907618894872624,0.0014173925273108657,0.0001,1.8482107203775006e-06,0.002607902447297364,0.00032377929744727645,45132,0.24809027825762844
929,0.24944643757917254,0.24939650686015818,0.0001,0.009385471522405852,2.3359425329368283e-06,0.0023762820333247665,0.0004977784072670729,45210,0.24944643757917254
930,0.2502474068223691,0.24972050951751273,0.0001,0.00959663433636784,2.3960340336924652e-06,0.0025694162298963976,0.0004993488237042328,45118,0.2502474068223691
931,0.25006767946396635,0.25004021279087085,0.0001,0.009610724618965389,2.362330330087213e-06,0.0024193008916117372,0.0004916029589330845,44885,0.25006767946396635
932,0.24921857755266835,0.2503639619718347,0.0001,0.009791516385763754,2.406179381229953e-06,0.002512663836857926,0.0004914824806356625,45170,0.24921857755266835
933,0.24873395808762325,0.25068623773361365,0.0001,0.00986071494885291,2.391411011902197e-06,0.0027066122189519535,0.00048503805744438196,45126,0.24873395808762325
934,0.24695104746790594,0.251010124881176,0.0001,0.009997108635157525,2.415351284000214e-06,0.0024243364623912304,0.00048320997043204686,45340,0.24695104746790594
935,0.2512313214369328,0.25133282611033547,0.0001,0.010085223164759355,2.3975536427501217e-06,0.002521378983057208,0.0004754587188765159,44799,0.2512313214369328
936,0.24968393123533472,0.2516505299617887,0.0001,0.01002701897907987,2.3251698189626413e-06,0.0027245095958595865,0.00046378087521601767,45055,0.24968393123533472
937,0.25472722867460645,0.25196231277555264,0.0001,0.009958778929007015,2.2454753158586075e-06,0.002712593079625796,0.0004509539436241914,44691,0.25472722867460645
938,0.2514341108711834,0.2522819512436859,0.0001,0.010301744731163076,2.3652466562219625e-06,0.0025828406980391515,0.0004591934119794335,45115,0.2514341108711834
939,0.25264580301147227,0.25260618429101933,0.0001,0.012672737041971057,2.3888554353394924e-06,0.0025011617141871703,0.00037700702341219596,44848,0.25264580301147227
940,0.2510453225745019,0.2529315845885311,0.0001,0.012827287996906803,2.3857708482923223e-06,0.0025976022361801168,0.0003719836724438761,45046,0.2510453225745019
941,0.25462948325274576,0.25325969588456276,0.0001,0.013145072168457806,2.4422837426341795e-06,0.0025560785314352203,0.0003715892482499335,44682,0.25462948325274576
942,0.2555824928731347,0.2535826388012731,0.0001,0.01309687878745967,2.3569067383414597e-06,0.0025638929794457644,0.00035991884426665234,44643,0.2555824928731347
943,0.2560598686629633,0.2539076722229987,0.0001,0.013424520069669835,2.414652384404146e-06,0.002478240810215113,0.00035973761026430974,44289,0.2560598686629633
944,0.25254989406810546,0.25422672177657546,0.0001,0.013282621913399463,2.3067199134210728e-06,0.0024591896985777803,0.0003473290030327614,44707,0.25254989406810546
945,0.26014389644005886,0.2545559527571839,0.0001,0.01394907419810835,2.467989664256092e-06,0.002568628460930998,0.00035385712760647287,44188,0.26014389644005886
946,0.2555893602356324,0.25488349396097054,0.0001,0.014041849452456118,2.4336239313853297e-06,0.002556538880591399,0.00034662441576877246,44462,0.2555893602356324
947,0.25545964519417513,0.2552091014019665,0.0001,0.014168122186817934,2.4123423300603598e-06,0.002580099141135034,0.0003405309889697043,44450,0.25545964519417513
948,0.25569126027670896,0.2555364217447823,0.0001,0.014506739358809735,2.4512307873343335e-06,0.002796949962218389,0.00033794372762970134,44495,0.25569126027670896
949,0.2560980453841205,0.25569284583357726,0.0014331815282754752,0.0001,1.8174643793404886e-06,0.002536265425535333,0.0001787271837506171,44585,0.2560980453841205
950,0.25374420075456905,0.2558678329831162,0.0015003728610330992,0.0001,1.894893523918081e-06,0.002525896826224023,0.00018020673776587213,44668,0.25374420075456905
951,0.25748633847673325,0.2560545361890308,0.0016022409053852934,0.0001,2.0432819662083214e-06,0.0025505302721215576,0.00019425479604925943,44457,0.25748633847673325
952,0.25861337602163764,0.2562309251849797,0.0015909893128891615,0.0001,2.0381315773529177e-06,0.002562093360202108,0.00018275923880834954,44206,0.25861337602163764
953,0.2515138895426099,0.25642034363359845,0.0016743907481369742,0.0001,2.266404491445909e-06,0.002707139291073656,0.00018405642503106084,44844,0.2515138895426099
954,0.2551282296280343,0.2566058684382877,0.0016146321305893164,0.0001,2.0821202036903573e-06,0.002579064499268219,0.00018969027275280418,44711,0.2551282296280343
955,0.2604015755774619,0.2567986359837776,0.0015989088416149808,0.0001,2.0651756257084365e-06,0.002583231228645283,0.00018198732364374154,44083,0.2604015755774619
956,0.25650515241680444,0.25701395941321403,0.0018267560027795924,0.0001,2.482045570186172e-06,0.0027174352419365158,0.0001832115087439019,44429,0.25650515241680444
957,0.2529092140548155,0.2571810373227491,0.0015221745784694363,0.0001,2.0432309039883864e-06,0.002684620979602587,0.00019209514440958586,44756,0.2529092140548155
958,0.256292660986424,0.25737761526065916,0.0017242897537280894,0.0001,2.2831138148982095e-06,0.0026481788341685443,0.00019751389808424384,44440,0.256292660986424
959,0.2594004662818167,0.25757350310478233,0.0016804367574795927,0.0001,2.206181548848811e-06,0.0026257239839930164,0.0002419571125766082,44173,0.2594004662818167
960,0.2607649061038995,0.25773293101537326,0.0015740295202048415,0.0001,2.0154361195376525e-06,0.0025608619071837567,0.0002282237800206587,44090,0.2607649061038995
961,0.25770296645104024,0.2579339283343217,0.001711527209577889,0.0001,2.2250200722001707e-06,0.002600040548287776,0.0002543820670274615,44277,0.25770296645104024
962,0.2604381256146601,0.2580958092707407,0.001448176854479004,0.0001,1.7713606265064808e-06,0.002446331911779857,0.00024132144821656815,44152,0.2604381256146601
963,0.2580325207893697,0.25827993203176536,0.0016232694952576622,0.0001,2.1030070513977797e-06,0.00259107567479295,0.00024133342322832106,44279,0.2580325207893697
964,0.258992223859619,0.2584578225420634,0.0016170181055279573,0.0001,2.1986178555373777e-06,0.0027193484699041485,0.0002415326571853636,44256,0.258992223859619
965,0.2576882798368596,0.2586215989671373,0.0015235518669953413,0.0001,1.991890086537008e-06,0.0026147978676502757,0.00022916436195115196,44339,0.2576882798368596
966,0.257952213246356,0.2587928723368964,0.0016075376111276357,0.0001,2.101594248368116e-06,0.0026146750580770743,0.00024026299179848382,44278,0.257952213246356
967,0.2594420963887638,0.25895889340803535,0.0014583142541776807,0.0001,1.7391254213413073e-06,0.00238511749625868,0.00022412217907326484,44333,0.2594420963887638
968,0.26271063158737507,0.25912846320374017,0.001564016161726736,0.0001,1.9333325255753407e-06,0.0024722666848159226,0.00023056462728383357,43999,0.26271063158737507
969,0.2595649742478435,0.2592944383813386,0.0015577969793347235,0.0001,1.88773583151111e-06,0.00242359672865368,0.0001890340414457116,44184,0.2595649742478435
970,0.25921727104639847,0.25946254688803794,0.0015809688700380315,0.0001,2.0285897357890214e-06,0.002566261454269144,0.00019158112406310007,44112,0.25921727104639847
971,0.25507244107013083,0.25963103374090407,0.0015073943076701003,0.0001,1.891629367269415e-06,0.0025098003324600664,0.00018816875071708832,44497,0.25507244107013083
972,0.2596655549904442,0.2598034400154947,0.0015832798121182877,0.0001,1.9266180391721656e-06,0.0024337050525447194,0.00018644604055029278,44189,0.2596655549904442
973,0.2577898725802974,0.25996296227098276,0.0015122707991684508,0.0001,1.8631810604908047e-06,0.0024640838949152597,0.0001834415131501195,44273,0.2577898725802974
974,0.2599257267749734,0.2601447970997225,0.0016692000982784301,0.0001,2.178544232159165e-06,0.002610285291027791,0.0002022954900469275,44095,0.2599257267749734
975,0.261252485483535,0.2603391364659232,0.00169234376432651,0.0001,2.1219984591424915e-06,0.0025077629071265767,0.00018041766729114174,44078,0.261252485483535
976,0.2615826598606954,0.26052378929558445,0.0016353258097454536,0.0001,2.1318979330842e-06,0.0026073066545877354,0.00017769911386902025,43941,0.2615826598606954
977,0.2568979849203199,0.26070484306608666,0.0016494028895189163,0.0001,2.1443937971509968e-06,0.0026002061846471664,0.00020443105889114915,44256,0.2568979849203199
978,0.25831562913483325,0.26087487571179013,0.0015945368629602008,0.0001,1.974009027851768e-06,0.002475965371144936,0.0001765587692041203,44440,0.25831562913483325
979,0.26590814847412436,0.26115395905384053,0.0001,0.017199575496171474,2.136971468159901e-06,0.0025942730953188295,0.00024849118731280073,43390,0.26590814847412436
980,0.2597965641554007,0.26143075367815505,0.0001,0.017321176274506633,2.101182316954954e-06,0.0023221022182225316,0.0002426142755728987,43986,0.2597965641554007
981,0.25436544586233767,0.26160428606088193,0.0016071734228858571,0.0001,2.0302521558593264e-06,0.0025264879657028987,0.00022779316062332953,44594,0.25436544586233767
982,0.2643198579731958,0.261866917712003,0.0001,0.01674209538093997,1.8858392752768807e-06,0.002359597529077521,0.00022528115297011308,43841,0.2643198579731958
983,0.25980518455988416,0.2620409219943496,0.0016168884329559614,0.0001,2.104372825062034e-06,0.0026029907594983083,0.00023021770013303595,44157,0.25980518455988416
984,0.26463384954330366,0.26230926643164076,0.0001,0.017397051345093943,1.968302633286967e-06,0.002478754267706369,0.00022628002806257614,43860,0.26463384954330366
985,0.2585460385072282,0.2625769655519675,0.0001,0.01764801157806925,1.9640997583351554e-06,0.0023297735355270453,0.00022258595532381606,44340,0.2585460385072282
986,0.2601610091821521,0.26275887691479843,0.0016680748907333385,0.0001,2.11158445059715e-06,0.0025317621676672207,0.0002177360007002337,43952,0.2601610091821521
987,0.25885883080044547,0.26294502550629717,0.001644179262664743,0.0001,2.0459172916173162e-06,0.0024886791094803993,0.0002149169412210573,44003,0.25885883080044547
988,0.2640877985224418,0.2632102103158297,0.0001,0.017881096897581387,1.939736000082901e-06,0.002455036701823426,0.00021695939697583894,43859,0.2640877985224418
989,0.2625512514034708,0.2633268484024543,0.0014226382697337253,0.0001,1.7683363191647045e-06,0.0024859957120311168,8.105152578870699e-05,43831,0.2625512514034708
990,0.2585456908907455,0.2635103313319409,0.001629065087436494,0.0001,1.9625364889559183e-06,0.002409402182995864,7.954508895430639e-05,44210,0.2585456908907455
991,0.2604657138998683,0.2636788642774973,0.0015743287432513804,0.0001,1.8620735004224968e-06,0.002365545961610091,9.665859444307108e-05,44171,0.2604657138998683
992,0.2604139685832441,0.2638766241995064,0.0017373236333736665,0.0001,2.1790342894945054e-06,0.0025084955360482743,9.36032603906401e-05,44281,0.2604139685832441
993,0.270215090276935,0.2640331612379484,0.001506323358006686,0.0001,1.8368016393028234e-06,0.002438787966128944,8.024188222513593e-05,43243,0.270215090276935
994,0.26539284749669867,0.2642023724255284,0.0015747199758232566,0.0001,1.919599409707263e-06,0.002438020015214076,9.414146251463403e-05,43667,0.26539284749669867
995,0.2623072281325839,0.2643560754688413,0.0015582371862834631,0.0001,1.9913382914330845e-06,0.0025558859831635856,8.851184133497854e-05,43783,0.2623072281325839
996,0.2664313552420322,0.26453343750656755,0.001598722388176638,0.0001,1.9056408439284725e-06,0.0023839546603233327,9.772737583911721e-05,43469,0.2664313552420322
997,0.2663344238413312,0.26471209699580234,0.0017066808741123924,0.0001,2.2760458751647936e-06,0.002667219056226332,8.946200334043247e-05,43479,0.2663344238413312
998,0.26262225284364443,0.2648957948969201,0.0016586368199276644,0.0001,2.0032069571124897e-06,0.0024154859376627758,9.388796725050982e-05,43902,0.26262225284364443
999,0.26710081220933135,0.26516807137115833,0.0001,0.011914873981676597,1.9993070454327255e-06,0.0024810208792337583,0.0003355985213955899,43586,0.26710081220933135
