iteration,performance_mc,performance_true,alpha,beta,bound,policy_advantage,model_advantage,total_samples,avg_return
0,0.032005167492182594,0.03098468263780042,0.001305300686193999,0.0001,2.2227345716538684e-06,0.0034057050534998592,1.039146243242493e-06,61656,0.032005167492182594
1,0.03073745589766696,0.031275454723585575,0.0013049152971767526,0.0001,2.2236416587911354e-06,0.003408101144345678,1.9546868735416177e-06,61705,0.03073745589766696
2,0.03100354206371444,0.0315582631530943,0.0012903700456795898,0.0001,2.164804343164007e-06,0.003355323304988663,9.844388047180527e-07,61622,0.03100354206371444
3,0.03198280825809546,0.03184757051090288,0.0012836406213886835,0.0001,2.142576449721538e-06,0.003338280845932767,4.773251659821396e-06,61471,0.03198280825809546
4,0.03012584162944434,0.032126765776578796,0.0012980365134247437,0.0001,2.195778976074419e-06,0.0033832314474437526,3.639133981450905e-07,61634,0.03012584162944434
5,0.031194597148475528,0.03242576692062936,0.00129079363822613,0.0001,2.1679909285069335e-06,0.0033591596120450193,7.736024963954066e-06,61708,0.031194597148475528
6,0.03503643766666294,0.03274113055723359,0.0013868415195730072,0.0001,2.5043086121456806e-06,0.0036115281765096404,2.989655000560014e-06,61385,0.03503643766666294
7,0.03197657317223164,0.033034784065359285,0.0012940467494504807,0.0001,2.17960734553996e-06,0.0033686686303497685,3.5625989627288717e-06,61507,0.03197657317223164
8,0.03337355499812514,0.03334434605282594,0.0013803855398026499,0.0001,2.4737291321377436e-06,0.0035841133666053996,4.5598542815571594e-06,61456,0.03337355499812514
9,0.032658073169374136,0.03363755639395787,0.001296542051255768,0.0001,2.1876625951869094e-06,0.0033746110942842857,5.556164562221562e-06,61623,0.032658073169374136
10,0.029825131096389942,0.03390878217787791,0.0012035898555065234,0.0001,1.8820735642825515e-06,0.0031274334120911847,3.7491196047489997e-06,61716,0.029825131096389942
11,0.037513075364849505,0.034253698691480386,0.0014695306948482988,0.0001,2.800535851989539e-06,0.0038114696913882987,4.959973298484478e-06,61175,0.037513075364849505
12,0.034944262292731634,0.03456279362419939,0.0013196006071501836,0.0001,2.260339164512942e-06,0.0034257928531790877,2.8756679432431337e-06,61408,0.034944262292731634
13,0.037090775992130134,0.03490081153024745,0.0014601812049711387,0.0001,2.7658991695510656e-06,0.0037884327782533467,4.72231979068649e-06,61222,0.037090775992130134
14,0.03582288950450736,0.035221545302652014,0.0013557294892372594,0.0001,2.3857602319029125e-06,0.0035195225166122974,4.326623545173147e-06,61299,0.03582288950450736
15,0.034395315276852606,0.03557043585860798,0.0014171243833816403,0.0001,2.6003342902287755e-06,0.0036698744594651283,2.498248327856134e-06,61367,0.034395315276852606
16,0.033330820028629755,0.035899933381511866,0.0013778493226327168,0.0001,2.4615660724836834e-06,0.003573055532342624,5.557434003515102e-06,61499,0.033330820028629755
17,0.03722823974165482,0.03624838057401053,0.001462987103057784,0.0001,2.768215423228425e-06,0.0037843333238448754,8.806357173990415e-06,61035,0.03722823974165482
18,0.03480162129621643,0.036519319061952195,0.0011171254014987137,0.0001,2.007926766660856e-06,0.0035948099720354773,3.7095036429846132e-06,61455,0.03480162129621643
19,0.036909674485632205,0.03683778468423644,0.0013531191441296347,0.0001,2.3679532578113692e-06,0.0034999922484054502,9.049846833798483e-06,61142,0.036909674485632205
20,0.03505337954478358,0.03714340479140472,0.001307487745641719,0.0001,2.2089314564436033e-06,0.003378894316687386,7.603649652479205e-06,61362,0.03505337954478358
21,0.034881319427775524,0.03745836085406317,0.0012828750961612683,0.0001,2.1303112367556367e-06,0.0033211514404327307,7.79402074606794e-06,61239,0.034881319427775524
22,0.03913729939017578,0.03780117185810461,0.0014328878705751756,0.0001,2.6452851792810905e-06,0.003692243103738811,5.515167055749148e-06,61095,0.03913729939017578
23,0.035187143182928884,0.038124265010671766,0.001307522696404877,0.0001,2.207636047706632e-06,0.0033768225267166337,1.1000852506724725e-05,61304,0.035187143182928884
24,0.03999854793050175,0.03847241707174364,0.0014708733979755344,0.0001,2.79572272506499e-06,0.0038014457653703405,1.0105032996422185e-05,60945,0.03999854793050175
25,0.03871460360700996,0.03882009300515454,0.0014111732081556324,0.0001,2.572937745620035e-06,0.003646522950903807,1.0102706595682541e-05,61172,0.03871460360700996
26,0.03838868124175102,0.03916665479992191,0.001439476968823765,0.0001,2.67505190500622e-06,0.0037166998332624603,1.0883757550535066e-05,61061,0.03838868124175102
27,0.03908360684640029,0.03951963303727002,0.0013846182135928953,0.0001,2.4637937707967506e-06,0.003558805953308301,1.0531614619974798e-05,60978,0.03908360684640029
28,0.041768008457755385,0.03988779334116523,0.0014915862210655418,0.0001,2.869395300586761e-06,0.0038474414151358355,1.2061270660446365e-05,60981,0.041768008457755385
29,0.035710520648488585,0.040221151794696534,0.0013575163182247224,0.0001,2.3753540213003512e-06,0.003499558700563828,1.1909172313802374e-05,61350,0.035710520648488585
30,0.03902068939289991,0.0405772459889062,0.0014334730836790596,0.0001,2.636562946929876e-06,0.003678566381118289,1.4579768321159098e-05,61092,0.03902068939289991
31,0.03904315153959906,0.04094824410968044,0.001437396942192523,0.0001,2.6507346260310216e-06,0.0036882430290796943,1.3838548548603878e-05,61128,0.03904315153959906
32,0.04295786180563631,0.04133797548885648,0.0015719607029711232,0.0001,3.182703483309612e-06,0.0040493422988170935,1.4849000128531983e-05,60651,0.04295786180563631
33,0.039692132547477436,0.041689027847025995,0.0013930839580323295,0.0001,2.496152851158178e-06,0.0035836359133499533,1.2468065113365722e-05,60896,0.039692132547477436
34,0.04090861218493402,0.04205157896742168,0.0014457828257907082,0.0001,2.687707758475497e-06,0.003717996521373217,1.752123216584927e-05,61002,0.04090861218493402
35,0.04147487647024218,0.04243841451179461,0.0015311299876387752,0.0001,3.0113441575866875e-06,0.0039334924949521975,2.3546060369524437e-05,60926,0.04147487647024218
36,0.04279091816578156,0.04284540110156736,0.0015514296919926748,0.0001,3.08491439696669e-06,0.0039768665159481235,1.258398253312102e-05,60807,0.04279091816578156
37,0.041067993926740785,0.04321537744901531,0.001459167401258079,0.0001,2.731376824610865e-06,0.003743747046782843,1.4202039564329622e-05,60997,0.041067993926740785
38,0.042414891136373305,0.043613550155253276,0.001521577249330793,0.0001,2.9619715263437057e-06,0.0038932910276443917,1.6587339786056648e-05,60705,0.042414891136373305
39,0.04613103763884291,0.04403980700932523,0.001568174574452069,0.0001,3.12141260747077e-06,0.003980950409888405,1.9379430074858503e-05,60485,0.04613103763884291
40,0.041780582866424186,0.044439228166273936,0.0015328018898252442,0.0001,3.0042842580510567e-06,0.0039199902844503625,2.1252249132298273e-05,60864,0.041780582866424186
41,0.046189449505681844,0.044866462577694874,0.001586767881375806,0.0001,3.211986253205637e-06,0.0040484639132230054,2.0647526030402184e-05,60614,0.046189449505681844
42,0.04712902474444727,0.04528536587127616,0.0015981962572604227,0.0001,3.266723713224349e-06,0.004088013219132503,2.433109780637038e-05,60332,0.04712902474444727
43,0.04356005457129722,0.04566899388896571,0.0015013810560130997,0.0001,2.8916357285114757e-06,0.0038519677825031053,2.2744291174633857e-05,60778,0.04356005457129722
44,0.044877537549861665,0.04608106318455609,0.0015612341689893287,0.0001,3.1044982629052664e-06,0.003976979654390957,1.678334291112259e-05,60816,0.044877537549861665
45,0.047005822277146114,0.04650068764932528,0.001621140633918856,0.0001,3.367520763619756e-06,0.004154507873236508,1.7059651376272362e-05,60504,0.047005822277146114
46,0.04651087678648255,0.04689958893021949,0.0016009755552909182,0.0001,3.2898498099678063e-06,0.004109806422834479,2.1131405644116656e-05,60742,0.04651087678648255
47,0.04736667419692485,0.04731840068452053,0.0015898148565699772,0.0001,3.2286158485277924e-06,0.0040616249561203945,2.34791125726984e-05,60461,0.04736667419692485
48,0.04696190395956503,0.04772571401760532,0.0015918986112062397,0.0001,3.245720231185771e-06,0.004077797679245879,2.4038693417388348e-05,60529,0.04696190395956503
49,0.049245242476488454,0.0481951559459028,0.0017095250422542547,0.0001,3.708000629331702e-06,0.004338047747393239,2.5976749077993925e-05,60384,0.049245242476488454
50,0.04960916097668516,0.048601638568394646,0.0015248713424511147,0.0001,2.9682534499334735e-06,0.003893119855163953,2.967005169245532e-05,60416,0.04960916097668516
51,0.049483438047034374,0.04904909321847977,0.0016284172448321722,0.0001,3.378804118495167e-06,0.004149801445812363,2.8633799033812536e-05,60419,0.049483438047034374
52,0.04735221564018714,0.04939077253674148,0.0012635077906347652,0.0001,2.481499081975288e-06,0.003927952166766813,2.36543503616077e-05,60531,0.04735221564018714
53,0.04952234422233756,0.04983351765067709,0.0016237680546643343,0.0001,3.3487631951758047e-06,0.004124681706302027,2.187692576129815e-05,60419,0.04952234422233756
54,0.046180871402459994,0.05024574652770862,0.0014959863566501683,0.0001,2.8419432157244364e-06,0.0037994239761492904,2.4147031094757036e-05,60727,0.046180871402459994
55,0.05189783032140649,0.05071307642503154,0.0016672820939892345,0.0001,3.510711151001503e-06,0.004211298332367468,3.5083938671716326e-05,60343,0.05189783032140649
56,0.050382793599845994,0.05110254530122739,0.0013668675446750658,0.0001,2.8588437064629967e-06,0.004183058874431913,3.2202589291781565e-05,60257,0.050382793599845994
57,0.04704764332206458,0.051521611593493194,0.0015203224653611734,0.0001,2.942901433344648e-06,0.0038714174136018197,2.2850455072779474e-05,60584,0.04704764332206458
58,0.05039619722136628,0.05196341109963645,0.001650611779404994,0.0001,3.471878976912553e-06,0.004206778383908155,2.930297272825117e-05,60211,0.05039619722136628
59,0.04967363556551103,0.052411891627266026,0.0016483689920357124,0.0001,3.443643381111777e-06,0.004178243339628618,3.2871478656975395e-05,60321,0.04967363556551103
60,0.05159401834394426,0.052871940216777484,0.0016328401826564574,0.0001,3.3616329102327133e-06,0.00411752839737652,3.042431632237879e-05,60114,0.05159401834394426
61,0.05421239354190085,0.053303291366935186,0.0015944147839712414,0.0001,3.2307743317519524e-06,0.004052614619772901,3.183233189629837e-05,60017,0.05421239354190085
62,0.05244318858915155,0.05374345644807258,0.0016293383678049238,0.0001,3.365308052163457e-06,0.004130889100337414,3.312315117949763e-05,60173,0.05244318858915155
63,0.05519725082532978,0.05422309261175402,0.0017108679984905726,0.0001,3.699483637412584e-06,0.004324686230236913,3.2661521784138816e-05,59800,0.05519725082532978
64,0.05052537922712218,0.05467342613902809,0.0015921405283575068,0.0001,3.204002265590079e-06,0.004024773201264351,3.3264206496474134e-05,60316,0.05052537922712218
65,0.05179147631273765,0.05513718176442938,0.0016430830657836975,0.0001,3.4042390363249677e-06,0.004143721163240467,3.3055437799905406e-05,60317,0.05179147631273765
66,0.05614248838823868,0.05562859044569265,0.0017350389738334036,0.0001,3.8105585156686537e-06,0.0043924759883054235,4.291129365214627e-05,60020,0.05614248838823868
67,0.05853389854822745,0.056142110326776885,0.0018020200302608328,0.0001,4.082790229630846e-06,0.004531348332504256,4.5758957916611977e-05,59733,0.05853389854822745
68,0.050151721731287784,0.056582476399780965,0.0015754701317108727,0.0001,3.1413992024543057e-06,0.003987887982418201,3.261584316345542e-05,60352,0.050151721731287784
69,0.05601589373735513,0.05701927542793116,0.0016190898073098776,0.0001,3.322869474981078e-06,0.0041046141603498015,4.018251063642682e-05,59846,0.05601589373735513
70,0.05442928049821925,0.057410966201462084,0.0013448622725615992,0.0001,2.7627458924463002e-06,0.004108593048987857,3.6483937592866575e-05,59961,0.05442928049821925
71,0.05636481586838582,0.057911363671693854,0.001728687038088342,0.0001,3.753546833533667e-06,0.004342656306007249,4.125093855497972e-05,59850,0.05636481586838582
72,0.057286210959143706,0.05841932577305573,0.0017477113519754135,0.0001,3.846549055395715e-06,0.004401812749053801,4.250858527629011e-05,59854,0.057286210959143706
73,0.059133388836723644,0.058924649121482625,0.0017222378710846245,0.0001,3.7030587118149003e-06,0.004300287171693422,4.132653274646036e-05,59671,0.059133388836723644
74,0.05618332644624187,0.059412282249123205,0.0016692068687069793,0.0001,3.503442866482364e-06,0.0041977335849285626,4.10038311173332e-05,59936,0.05618332644624187
75,0.06149279218130188,0.0599567612844053,0.0018347226121517722,0.0001,4.183416148041914e-06,0.004560270986288856,5.234252516835671e-05,59515,0.06149279218130188
76,0.05770847089041024,0.06046619121227027,0.0017369270219046915,0.0001,3.774909915264464e-06,0.004346653449060798,4.440278390391914e-05,59742,0.05770847089041024
77,0.058969243207504,0.06097330855415227,0.0017454110836036896,0.0001,3.809614257589367e-06,0.004365291699332845,4.393470228180099e-05,59584,0.058969243207504
78,0.06108101319425313,0.06149410822563384,0.0017250915740514641,0.0001,3.7138269233664293e-06,0.004305657716064684,4.460125636683172e-05,59606,0.06108101319425313
79,0.06047723640446757,0.06200868383998392,0.001792136992884041,0.0001,4.027579868607566e-06,0.0044947232098881944,4.9236971458775376e-05,59580,0.06047723640446757
80,0.060691427451312986,0.06256277052830808,0.0018426566271751558,0.0001,4.219337238075128e-06,0.004579623979692288,4.7719498975914896e-05,59510,0.060691427451312986
81,0.06401406393427861,0.06306202605750624,0.0017495156802462537,0.0001,3.824682023989062e-06,0.004372275215562192,5.243469343078259e-05,59188,0.06401406393427861
82,0.06432186958163219,0.06360512216994643,0.0018070601538938227,0.0001,4.064964184433812e-06,0.004498980485707347,4.46426847686785e-05,59282,0.06432186958163219
83,0.06034097812478373,0.06416470194050738,0.001855554358488098,0.0001,4.240623956914567e-06,0.004570735357351448,5.04862238750051e-05,59759,0.06034097812478373
84,0.06549937111922237,0.06473074179598325,0.001898820657179315,0.0001,4.504752501644365e-06,0.004744789861656704,5.765180046095172e-05,59171,0.06549937111922237
85,0.06679119268040343,0.0653018846927002,0.0018700524507323081,0.0001,4.3412936172928035e-06,0.004642964549569467,5.693322674129318e-05,59135,0.06679119268040343
86,0.06277129101188614,0.06583923772170984,0.0017919316206902985,0.0001,3.95737164281511e-06,0.004416877962442146,5.166320098137239e-05,59401,0.06277129101188614
87,0.06439133522560056,0.06638818983708872,0.001797576455470399,0.0001,4.00273287442625e-06,0.004453477193968691,5.8997397062885315e-05,59243,0.06439133522560056
88,0.0658065157506645,0.06695599184373939,0.0018271135883786635,0.0001,4.109348675910089e-06,0.004498186321909658,5.466566935486859e-05,59170,0.0658065157506645
89,0.06963397250362188,0.0675494060908129,0.0019406082774860575,0.0001,4.657233680185532e-06,0.0047997668918723785,6.269101768544287e-05,58884,0.06963397250362188
90,0.06491170296536987,0.06809641463440798,0.0018579880887217334,0.0001,4.3312361723808375e-06,0.004662286264020843,5.666326787420199e-05,59275,0.06491170296536987
91,0.06691808832790291,0.06862871273453765,0.0017939879850660976,0.0001,4.011596317412155e-06,0.004472266649282327,5.7579790047999676e-05,59207,0.06691808832790291
92,0.0648670800705668,0.06907074088903195,0.0014684422071813178,0.0001,3.2257817910270705e-06,0.004393474629442822,5.4745992970205645e-05,59277,0.0648670800705668
93,0.06989164491003473,0.06967069866069679,0.001943208655220386,0.0001,4.665713750178409e-06,0.0048020718080316015,6.08380363993829e-05,58830,0.06989164491003473
94,0.07074668110491433,0.07023704058257703,0.0018753363120726728,0.0001,4.378260664674171e-06,0.0046693071919832844,6.19074092044997e-05,58898,0.07074668110491433
95,0.07004629785240421,0.0708085154359029,0.0018778853949611544,0.0001,4.356454424848101e-06,0.004639744721949038,7.083267647170514e-05,58980,0.07004629785240421
96,0.06995300159737089,0.07139346276327452,0.0019114832093592184,0.0001,4.478728351392326e-06,0.004686128896621298,6.0967818241198946e-05,58885,0.06995300159737089
97,0.07403453808534313,0.07189988519903329,0.0016610632769020995,0.0001,4.10996534665554e-06,0.00494859576249337,6.472930451159587e-05,58485,0.07403453808534313
98,0.07180377937818133,0.07250245057040015,0.001962368401098544,0.0001,4.713324747009273e-06,0.004803710398486573,7.074022230476473e-05,58863,0.07180377937818133
99,0.07534232455823278,0.07311872671164671,0.0019746811267360867,0.0001,4.769161975735075e-06,0.004830310991646467,7.074255673730881e-05,58535,0.07534232455823278
100,0.07196350218119221,0.07376096544025104,0.002079638497610186,0.0001,5.306502356352618e-06,0.005103293060260789,7.538306750425488e-05,58653,0.07196350218119221
101,0.06944714813411924,0.07433614849251241,0.0018566009672756813,0.0001,4.2363440032570026e-06,0.004563548202254016,6.734386725027865e-05,58944,0.06944714813411924
102,0.07246366160656836,0.07495482027481226,0.0020127715080585427,0.0001,4.95861578584433e-06,0.004927152203806044,7.169546131195254e-05,58845,0.07246366160656836
103,0.07684714362270223,0.0755871563839052,0.002033538799548874,0.0001,5.05545324051369e-06,0.004972074534929165,7.579036199947944e-05,58392,0.07684714362270223
104,0.07689551869738795,0.07622340888417527,0.002046461940276803,0.0001,5.120408743654456e-06,0.005004157314513136,7.598508283011069e-05,58473,0.07689551869738795
105,0.0787244852941134,0.07685713608438825,0.00200363024030272,0.0001,4.888845290403068e-06,0.004879987526704959,7.613503999368983e-05,58384,0.0787244852941134
106,0.07615049208275347,0.07744274666330138,0.0018980889281560202,0.0001,4.415208288157283e-06,0.004652267048885456,7.310991390424795e-05,58343,0.07615049208275347
107,0.0718856454272026,0.07800353960674136,0.0018371024778058886,0.0001,4.144337618977036e-06,0.004511819747722243,7.54847704214682e-05,58800,0.0718856454272026
108,0.08171276097388196,0.0786671643098337,0.0020768303626485345,0.0001,5.252689435245152e-06,0.005058371188821138,8.725358019193861e-05,58007,0.08171276097388196
109,0.08119808617334831,0.07932896073164046,0.002152485587191,0.0001,5.650818880346382e-06,0.005250505660965394,8.183150210249043e-05,58013,0.08119808617334831
110,0.08183266243694168,0.07988757998390146,0.001776059512928392,0.0001,4.492091328016387e-06,0.005058491897728992,8.423039137252935e-05,58032,0.08183266243694168
111,0.07990426823391095,0.08037345592190936,0.0016454917949699714,0.0001,3.994791569760733e-06,0.004855437847787791,7.560901595596658e-05,58103,0.07990426823391095
112,0.08041308766927441,0.08103043252837488,0.002098763477927304,0.0001,5.383963727072492e-06,0.00513060550528503,7.85447996485005e-05,58144,0.08041308766927441
113,0.07966832839498333,0.08166530397552839,0.002033577608589265,0.0001,5.0598304539792485e-06,0.004976284585951316,8.656672040610921e-05,58264,0.07966832839498333
114,0.08077896132890232,0.08232202520484923,0.002060250499539672,0.0001,5.147637529874961e-06,0.004997098683898015,8.35319232692126e-05,58212,0.08077896132890232
115,0.08541298568592383,0.08300564336086802,0.002130929466727374,0.0001,5.448339108240651e-06,0.005113579959648376,9.205388054810631e-05,57901,0.08541298568592383
116,0.08963481280135258,0.08370609544008158,0.0022138875485006085,0.0001,5.888777991425643e-06,0.005319852849268622,9.705262632284095e-05,57405,0.08963481280135258
117,0.08064273889027074,0.08434185701764006,0.0020233756926686785,0.0001,4.966542025440246e-06,0.00490916446553705,8.765030546371459e-05,58129,0.08064273889027074
118,0.08370918902736693,0.08491423538164854,0.0017599572897349103,0.0001,4.359859793905978e-06,0.004954506361415931,9.122101533811993e-05,57815,0.08370918902736693
119,0.0856724014393625,0.085490828021246,0.0017808636910662768,0.0001,4.568385027046362e-06,0.005130527451330181,9.32780683073107e-05,57753,0.0856724014393625
120,0.0896659662805402,0.0862088915232538,0.0021654780482383024,0.0001,5.586632569148137e-06,0.00515972219038939,9.7343465764339e-05,57551,0.0896659662805402
121,0.08854731397752372,0.08687695443770131,0.00220335613257052,0.0001,5.908233274259728e-06,0.005362939914181694,9.987880792978668e-05,57628,0.08854731397752372
122,0.0843207916111117,0.08757370479783323,0.0020861106416255985,0.0001,5.137375620168366e-06,0.004925314619137434,9.436402765437957e-05,57752,0.0843207916111117
123,0.08844628438442864,0.08824716482818233,0.002109567187473061,0.0001,5.325594929998716e-06,0.005048992951372137,9.853911344729759e-05,57603,0.08844628438442864
124,0.08901270747274426,0.08894804920963284,0.0021498728981168996,0.0001,5.453157112476738e-06,0.005073004192250832,9.867055823427099e-05,57538,0.08901270747274426
125,0.09018734386984643,0.08963483930889395,0.0021397432359050294,0.0001,5.5039821899866085e-06,0.00514452584555888,0.00010515870745571864,57354,0.09018734386984643
126,0.09053372168552931,0.09036064241577708,0.002219394919623425,0.0001,5.805395807706193e-06,0.00523151220756261,0.0001088199377271693,57338,0.09053372168552931
127,0.09050033558637324,0.09105952548395602,0.0021685134002900654,0.0001,5.611516494024288e-06,0.005175450143193653,0.00010978360215889428,57293,0.09050033558637324
128,0.09264637787959926,0.09173912468239911,0.002131407946340668,0.0001,5.435573119694435e-06,0.005100453086915211,0.00010241043472407373,57267,0.09264637787959926
129,0.09707244180364515,0.09248891287608611,0.0022694670846565355,0.0001,6.056154803942895e-06,0.005337072165432568,0.00011148779798574615,56879,0.09707244180364515
130,0.09190885270160493,0.0930708076854072,0.001808257824602529,0.0001,4.545985661692559e-06,0.005028028193592145,0.00010693616839373192,57346,0.09190885270160493
131,0.09393909905775658,0.09378717219525125,0.0022198834225692927,0.0001,5.875485218869125e-06,0.0052935079014814574,0.00011283579195587956,57075,0.09393909905775658
132,0.09075073995747063,0.09450403570709741,0.002200987024742593,0.0001,5.7421276824825935e-06,0.005217775132639993,0.00010935519245982545,57413,0.09075073995747063
133,0.0946629146320789,0.0951097700960924,0.0018766719152414264,0.0001,4.937749887722029e-06,0.005262240935797034,0.00012284619479034208,57051,0.0946629146320789
134,0.0971315754655037,0.09574858686233235,0.0019402752973125025,0.0001,5.2112202248389496e-06,0.005371629718789979,0.00011681567372035691,56928,0.0971315754655037
135,0.09534450038337311,0.09644041666345335,0.002177459893770447,0.0001,5.645283841036657e-06,0.005185201212832806,0.00011495250906565014,57195,0.09534450038337311
136,0.09895302108027995,0.09717341203726441,0.002228525707021651,0.0001,5.8411071588932545e-06,0.005242126793053418,0.00011234080506712581,56840,0.09895302108027995
137,0.09831489577352634,0.09784186989755711,0.002003012425154845,0.0001,5.429466791332926e-06,0.005421301159340732,0.00012038199844142752,56927,0.09831489577352634
138,0.10005385873120833,0.09846138745536592,0.0018734188346622076,0.0001,4.850201775680503e-06,0.0051779150352729685,0.00011674916183917173,56755,0.10005385873120833
139,0.09868564937229704,0.09917009577911892,0.0022065995895061523,0.0001,5.777970576770056e-06,0.005236990529906871,0.00010885203134668231,56834,0.09868564937229704
140,0.10038219834769202,0.0998062955843735,0.0019050973217446935,0.0001,5.046626132580403e-06,0.005298024489330224,0.00012089930183454268,56668,0.10038219834769202
141,0.10016506154559679,0.10046638746761287,0.001946340293912451,0.0001,5.1092238866303956e-06,0.0052500828376316954,0.00011825248729134994,56662,0.10016506154559679
142,0.09346744644807027,0.10115273790132517,0.0021643317689589727,0.0001,5.551152107525794e-06,0.005129668368908022,0.00011751139089043319,57298,0.09346744644807027
143,0.10345526323904145,0.1019327098369042,0.002341746704272317,0.0001,6.354560405431682e-06,0.005427197052386859,0.00012710075613885883,56579,0.10345526323904145
144,0.09953193350846243,0.10256470148490827,0.0019176034203087795,0.0001,5.023788343371805e-06,0.005239653090066827,0.00012538054556755134,56879,0.09953193350846243
145,0.10477407910735598,0.10316784203523058,0.001861710351373186,0.0001,4.976029928716914e-06,0.005345654252871963,0.00012781075769178335,56287,0.10477407910735598
146,0.10261486727414006,0.10392021185999198,0.0022719464268707895,0.0001,6.022671088045681e-06,0.0053017720988613815,0.0001276421018210047,56424,0.10261486727414006
147,0.10680329024962762,0.104669090758313,0.002309220606082211,0.0001,6.462975175279748e-06,0.005597538111566339,0.00013094511024791807,56186,0.10680329024962762
148,0.10589698753035079,0.10536978233062413,0.0020700989383117215,0.0001,5.677909632147222e-06,0.005485640832971844,0.00013026440310648826,56171,0.10589698753035079
149,0.10593179015270825,0.1060891100834936,0.0022307829645406277,0.0001,5.828476740840089e-06,0.005225498700220094,0.0001307190179781807,56371,0.10593179015270825
150,0.10687139554524358,0.10687266967445157,0.0023739461865660135,0.0001,6.581667089803426e-06,0.005544916836825195,0.00014154091497155463,56205,0.10687139554524358
151,0.10663141612516144,0.10755153246169316,0.002037558078452681,0.0001,5.4704671935505175e-06,0.00536963068822537,0.0001364191834715849,56317,0.10663141612516144
152,0.11200807456874153,0.10836233127559873,0.0023868645477795876,0.0001,6.4931953609670135e-06,0.005440774062363441,0.00014567467385761152,55847,0.11200807456874153
153,0.10607071402966398,0.10906477994980195,0.0021627564998408354,0.0001,5.412825444922385e-06,0.005005487622227221,0.00013287734244024228,56383,0.10607071402966398
154,0.10337380310900184,0.10983117131247114,0.002294482213765371,0.0001,6.011083604434627e-06,0.0052395992162171615,0.000127009689830115,56495,0.10337380310900184
155,0.1156477363633671,0.11052843447137196,0.002083161027397375,0.0001,5.885771855788834e-06,0.005650808342111029,0.0001477800301581593,55584,0.1156477363633671
156,0.11068186811930941,0.11131409489273392,0.0023454497550521496,0.0001,6.395984800663997e-06,0.005453951666955906,0.00014418760627498366,55908,0.11068186811930941
157,0.10968239505650722,0.11204664016966262,0.0022797912469569035,0.0001,6.06493813182003e-06,0.0053206083143933405,0.00014577197488725263,56065,0.10968239505650722
158,0.11071261091263947,0.11277807659412682,0.0022386430115593843,0.0001,5.7995366367721845e-06,0.005181296532610054,0.00014557746783206815,55831,0.11071261091263947
159,0.11057751695854938,0.11355576268264374,0.0023192516256533213,0.0001,6.20650667081596e-06,0.00535216326004956,0.00014421801510694368,55953,0.11057751695854938
160,0.11061421221828989,0.1142593681351729,0.0021995717079922226,0.0001,5.807283349606444e-06,0.005280376473752115,0.0001437366359223861,55868,0.11061421221828989
161,0.11588301627121664,0.11492666104433603,0.0020403723893223412,0.0001,5.5018282212574025e-06,0.0053929647843202755,0.0001606753625309182,55570,0.11588301627121664
162,0.11921389046600007,0.11562474078614336,0.002085598523941566,0.0001,5.902879614551996e-06,0.005660609697206885,0.00016114519974879586,55324,0.11921389046600007
163,0.11506556053717701,0.1164199330807689,0.002373164997778607,0.0001,6.420091259234246e-06,0.0054105730239943275,0.00015402385391217915,55666,0.11506556053717701
164,0.11376779920845227,0.11717136751074632,0.002300277015798645,0.0001,6.125655854091745e-06,0.005326015790289456,0.00015083097208385952,55769,0.11376779920845227
165,0.11411840625575663,0.11782521385569801,0.0019288258180889376,0.0001,4.9671434664495434e-06,0.005150432371722339,0.00014752181529762616,55647,0.11411840625575663
166,0.11834265987019763,0.11856855748574832,0.0022894490054372572,0.0001,6.014786071759349e-06,0.0052543525166751604,0.00016156190895267713,55366,0.11834265987019763
167,0.12090119931990367,0.11924545470774953,0.002072704479169897,0.0001,5.590875274309183e-06,0.005394763537683181,0.00016420017030998913,55350,0.12090119931990367
168,0.11949792111837411,0.12006775921911274,0.002465472584229634,0.0001,6.7559092559498325e-06,0.005480417262932813,0.0001564470612425367,55252,0.11949792111837411
169,0.12353434856344345,0.12086855305390264,0.0023975852914556684,0.0001,6.554833631127895e-06,0.005467862732130959,0.00016796103586977357,54993,0.12353434856344345
170,0.12076244541829222,0.12169593563957401,0.0024457544055043147,0.0001,6.7427487848371665e-06,0.005513839631372808,0.00016994035852105647,55224,0.12076244541829222
171,0.12477468848702833,0.1224757198002934,0.002390900170839372,0.0001,6.449263392723864e-06,0.00539484121619325,0.0001639980711935809,54948,0.12477468848702833
172,0.1264098723657006,0.12325118662477927,0.0023895214820605845,0.0001,6.52858115976914e-06,0.005464341885003076,0.00016872432785227574,54849,0.1264098723657006
173,0.12531967263119287,0.12399622778277167,0.0022524446067830714,0.0001,6.4920657907206665e-06,0.005764462105900662,0.00016852101362684703,54903,0.12531967263119287
174,0.12971166330936124,0.12469989136388894,0.0021091192979037503,0.0001,5.877548025404831e-06,0.005573461900658267,0.0001699995335281751,54409,0.12971166330936124
175,0.1276525467444517,0.12549103024336136,0.0023835545267925718,0.0001,6.382046217270261e-06,0.00535506626387797,0.00017330728509369186,54781,0.1276525467444517
176,0.12771432981019432,0.12629788991091598,0.0024648063042216257,0.0001,6.916512791941756e-06,0.005612216083751018,0.00017839247661482224,54709,0.12771432981019432
177,0.1277309726940711,0.1271245492441584,0.0025038097875283993,0.0001,6.988274940618127e-06,0.005582113286262456,0.0001798571204232243,54608,0.1277309726940711
178,0.12906174862945113,0.12781762757183934,0.002072663768530085,0.0001,5.6277281290402165e-06,0.005430430361632028,0.0001803076373391766,54479,0.12906174862945113
179,0.13020537651535746,0.12855054681977018,0.0022523056540103103,0.0001,6.452931398564127e-06,0.0057300672198504245,0.0001768539365157882,54455,0.13020537651535746
180,0.12767807464154096,0.1293497807577778,0.002461605429332866,0.0001,6.814939352214844e-06,0.005536987586237003,0.00018130173135776138,54513,0.12767807464154096
181,0.12821211737427426,0.13006327131843998,0.0021211527908185875,0.0001,5.755837632820051e-06,0.0054270844210131414,0.00019406244446038852,54470,0.12821211737427426
182,0.1331448435438278,0.13092806791092923,0.0025704287040358245,0.0001,7.273439858087513e-06,0.005659320444614938,0.00019573487596274335,54316,0.1331448435438278
183,0.13388489668804532,0.13164592636817354,0.0021694657328021182,0.0001,5.862038776645113e-06,0.005404131245782441,0.0001887703028222571,54202,0.13388489668804532
184,0.1281049684394155,0.1324455150070285,0.0024221474928488845,0.0001,6.5611179478144465e-06,0.005417603979266666,0.00018468649322949985,54770,0.1281049684394155
185,0.13709935395308992,0.1331581914510407,0.0022284716942650978,0.0001,6.389889363677011e-06,0.00573477274144535,0.00019134726682397608,54098,0.13709935395308992
186,0.13141166766659274,0.13386804092296017,0.0021487671984354384,0.0001,5.8044318305523344e-06,0.0054025692823109536,0.00018892020005732108,54404,0.13141166766659274
187,0.13460661381658565,0.13472019370757699,0.0025261163712219717,0.0001,6.987094106914592e-06,0.0055318861684386204,0.00018431434344537022,54121,0.13460661381658565
188,0.12902507667436647,0.13554617931144944,0.002550355433477277,0.0001,7.19374299255556e-06,0.005641365041222717,0.00018618514336815172,54496,0.12902507667436647
189,0.12918625953854324,0.1363037935012969,0.0023320920341068536,0.0001,6.085067064015429e-06,0.00521854796039033,0.00018734931603268986,54697,0.12918625953854324
190,0.1391178182504555,0.1371231677828554,0.0025153215267285497,0.0001,6.990138891337082e-06,0.0055580480006693364,0.00019508182668547832,53881,0.1391178182504555
191,0.1392591271152375,0.13793057591227717,0.002471979128174598,0.0001,6.726611899510217e-06,0.005442288587992567,0.0001955282081199451,53709,0.1392591271152375
192,0.1383734277799842,0.13879840480015082,0.002654065457090662,0.0001,7.613048837187633e-06,0.005736896063997546,0.0002096118970740215,53863,0.1383734277799842
193,0.1421224273598372,0.13965451457732508,0.0026116834058754522,0.0001,7.489358674235826e-06,0.005735273010034191,0.00020695695739956002,53590,0.1421224273598372
194,0.13866670501383194,0.14042556514524454,0.0023082425995410456,0.0001,6.433149667547688e-06,0.00557406718758835,0.00019975379028910713,53839,0.13866670501383194
195,0.13897219592328613,0.1412420719176192,0.0024846533455081337,0.0001,6.750121668154969e-06,0.005433451455397702,0.00019831845261789383,53908,0.13897219592328613
196,0.13644698969950267,0.14196489271634893,0.002188701779436694,0.0001,5.837390800638286e-06,0.005334112536921915,0.0001900750437602902,53947,0.13644698969950267
197,0.14473123552896042,0.14274520027971038,0.0025057209932472825,0.0001,6.981645847195691e-06,0.005572564436352385,0.00021457132935839124,53273,0.14473123552896042
198,0.1480200473073907,0.14359319438037937,0.0025583235088633637,0.0001,7.1069006335168076e-06,0.005555904567107957,0.00021420810688412288,53051,0.1480200473073907
199,0.14190551080621527,0.14439843004633374,0.0025000222276684273,0.0001,6.910440054838257e-06,0.005528302891357151,0.00021331146330615163,53496,0.14190551080621527
200,0.14674701954642744,0.14523272791162178,0.00253009650748641,0.0001,7.018776020491972e-06,0.005548227903341882,0.00021290317304605065,53185,0.14674701954642744
201,0.14988871409141274,0.14598824387523518,0.0023052968561702862,0.0001,6.563403633198879e-06,0.005694193887118247,0.0002238739935722483,53012,0.14988871409141274
202,0.14410057688182526,0.14681132679031472,0.0025118188333442242,0.0001,6.8939606003224195e-06,0.005489218019074911,0.0002159567770163614,53532,0.14410057688182526
203,0.14772290681435205,0.14765272912453398,0.0025467740412208058,0.0001,7.0178957896313056e-06,0.005511204116300203,0.00021875105081174342,53088,0.14772290681435205
204,0.1502482364338189,0.14842393726815808,0.0023911784503179464,0.0001,7.002331455126063e-06,0.005856803748122595,0.0002260768521678252,52896,0.1502482364338189
205,0.15533806979662254,0.14917423659507348,0.002348841033967496,0.0001,6.897699405392393e-06,0.005873279039017203,0.00023234066179056797,52575,0.15533806979662254
206,0.15236641153899286,0.14999805014818093,0.0025384887128919293,0.0001,6.92444176529525e-06,0.0054555623825537514,0.0002227076508959828,52893,0.15236641153899286
207,0.1512991108657662,0.1507066504585195,0.0022871207712600746,0.0001,6.588117370586944e-06,0.005761057704842813,0.00023512712175676479,52942,0.1512991108657662
208,0.1497177377194442,0.1514777656892372,0.0025365651663169183,0.0001,7.093626089985223e-06,0.0055930958795631005,0.00022438775202955624,52904,0.1497177377194442
209,0.15082229699887223,0.1521917859550596,0.002288172838845091,0.0001,6.275474604713996e-06,0.005485140368925466,0.0002284106603486059,52853,0.15082229699887223
210,0.15061142980256043,0.15290564049927624,0.002222027558543338,0.0001,6.174155763343423e-06,0.005557226992621932,0.00022297060007871265,52893,0.15061142980256043
211,0.1526570067857922,0.15371391687198155,0.0025665351701962607,0.0001,7.145909844683851e-06,0.0055685267263549006,0.0002252920625598849,52901,0.1526570067857922
212,0.1561925477647895,0.1544763831385554,0.0023573594086505863,0.0001,6.750826432433356e-06,0.005727447760117075,0.0002312012569382581,52531,0.1561925477647895
213,0.1568244311297158,0.155329772123703,0.002654868351818987,0.0001,7.581079513554358e-06,0.0057110775442858926,0.00023373503782770882,52536,0.1568244311297158
214,0.1518334588316954,0.15602852106468584,0.0022017627586010877,0.0001,6.004755672152758e-06,0.005454498354734586,0.00023601492907405743,52759,0.1518334588316954
215,0.15472582260213974,0.15674887665271944,0.0022294954085241713,0.0001,6.1105767803244895e-06,0.005481578259333059,0.00022422667131132882,52735,0.15472582260213974
216,0.15710994328366154,0.15756690438512033,0.0025647303640197096,0.0001,7.133986752653033e-06,0.005563147575070552,0.0002348572567789054,52401,0.15710994328366154
217,0.15395243639685818,0.1582901275932291,0.002287052879377078,0.0001,6.246476798275922e-06,0.005462468187423168,0.0002301721100164269,52709,0.15395243639685818
218,0.16102639809263866,0.15915715790805265,0.002696630975479978,0.0001,7.663572182555997e-06,0.00568381232155204,0.0002428123784725707,52143,0.16102639809263866
219,0.15832561282511648,0.15987998703990067,0.002242148701322198,0.0001,6.057032943118049e-06,0.00540288245783717,0.00023503725807300004,52500,0.15832561282511648
220,0.16265825665863035,0.16067774904397392,0.0025501695362661974,0.0001,6.948146704776491e-06,0.005449164540605048,0.0002470145012690013,51923,0.16265825665863035
221,0.1587562035244005,0.161479011069092,0.002635136324511848,0.0001,7.55447717638032e-06,0.00573365188442747,0.000243007981328568,52316,0.1587562035244005
222,0.1643120684952282,0.16211886387038232,0.0021205143218121416,0.0001,5.91025731757238e-06,0.00557436208449808,0.000239970398414914,51876,0.1643120684952282
223,0.16304805203678974,0.1630057549858289,0.0027321378850834535,0.0001,7.66327759469883e-06,0.00560972975524971,0.0002364929259147729,51771,0.16304805203678974
224,0.16563363270924733,0.1637823888611452,0.002402578438189196,0.0001,6.752555422864719e-06,0.005621090504711317,0.00025220986356076986,51735,0.16563363270924733
225,0.16864137624446912,0.16456410772661442,0.002405643944211885,0.0001,6.842334424823557e-06,0.005688567870807813,0.0002493207106245947,51486,0.16864137624446912
226,0.1641568721546112,0.1654139485818293,0.002698894626794116,0.0001,7.666620557925681e-06,0.005681304102659599,0.00024285061248997808,51805,0.1641568721546112
227,0.1600272006748351,0.16622393252134132,0.002608972360749622,0.0001,7.242451897038179e-06,0.005551957549260692,0.0002436531996532198,52196,0.1600272006748351
228,0.16147991549392288,0.1669794076085067,0.0023948635893616963,0.0001,6.633751950383255e-06,0.005539983137120015,0.0002480229088320269,51981,0.16147991549392288
229,0.16686200998788503,0.1676679768438597,0.0022907135393212333,0.0001,6.1807600233505206e-06,0.005396362240196961,0.00024471997104982937,51810,0.16686200998788503
230,0.1690200641954735,0.16836760629002104,0.0022521407809029358,0.0001,6.108330277693836e-06,0.005424465761189995,0.00024794646281417715,51502,0.1690200641954735
231,0.16571439019899406,0.16914224589409393,0.002568418957793601,0.0001,7.023731575209871e-06,0.005469303638253474,0.0002498074355723816,51666,0.16571439019899406
232,0.16616976015236334,0.16987544459819084,0.0023425366707049387,0.0001,6.241627587008189e-06,0.0053289476020282715,0.0002495867329902696,51793,0.16616976015236334
233,0.16990786633703298,0.17067867586885965,0.002579487061074526,0.0001,6.923474334354611e-06,0.005368101618986628,0.0002658917849077788,51392,0.16990786633703298
234,0.17108807328799272,0.1714803799462924,0.002624203761409555,0.0001,7.280540340530001e-06,0.005548761454879829,0.0002628775018562059,51257,0.17108807328799272
235,0.17099000186922142,0.17221465824213292,0.002352164464801897,0.0001,6.6616946165327745e-06,0.005664310226788357,0.0002646599799458509,51251,0.17099000186922142
236,0.17346751738510263,0.17294103590716525,0.0023728699330246034,0.0001,6.594763692999596e-06,0.005558470442240811,0.00026311176413180916,51354,0.17346751738510263
237,0.1761571890279482,0.17373878861439204,0.002659652849840943,0.0001,7.45040564733774e-06,0.005602539931317202,0.0002582650870623742,50947,0.1761571890279482
238,0.1780685134694494,0.17450675123261697,0.0024938815478547224,0.0001,7.04295988615284e-06,0.005648191183908722,0.0002709309966564393,50738,0.1780685134694494
239,0.17478349681837588,0.17518709818590916,0.002231719514669867,0.0001,5.965910964186937e-06,0.0053464702217020845,0.00026662089094411353,51060,0.17478349681837588
240,0.1719766699997375,0.1760400680510237,0.0027520599114358507,0.0001,7.725607954821693e-06,0.005614418438144365,0.00027146521809062453,51357,0.1719766699997375
241,0.17597240165085773,0.1767174603529917,0.002313165877588855,0.0001,6.404326941469596e-06,0.005537282910419889,0.0002716378515786563,50902,0.17597240165085773
242,0.1728248941825892,0.17749850986133817,0.0026463105339345444,0.0001,7.4335167934471854e-06,0.005618023053700356,0.00026578215093124786,51148,0.1728248941825892
243,0.17262745169672677,0.17826776822582677,0.0026461658027757814,0.0001,7.3900064330385446e-06,0.005585444740678425,0.00027457081737850404,51173,0.17262745169672677
244,0.17783940237252868,0.1790731772174329,0.002651170601050726,0.0001,7.293229335626302e-06,0.005501893641047325,0.0002770216473821699,50561,0.17783940237252868
245,0.18620829586081183,0.17977949477022465,0.002408527683986452,0.0001,6.9490476276387534e-06,0.005770369735702687,0.0002714753238162367,50030,0.18620829586081183
246,0.1790522704085973,0.1806268293752877,0.0027407781228257614,0.0001,7.674358867149948e-06,0.005600131439488891,0.0002701808568608563,50732,0.1790522704085973
247,0.17979947093454132,0.18135779303355543,0.00241250066854957,0.0001,6.613236167817992e-06,0.005482474060240541,0.00028638667527817855,50786,0.17979947093454132
248,0.18159841395429296,0.18212160833049404,0.002639737636716018,0.0001,7.300081170619473e-06,0.005530914185624283,0.0002816895145396507,50383,0.18159841395429296
249,0.18353298368783166,0.1828969525912275,0.002645646699714702,0.0001,7.261985834177595e-06,0.00548976235939644,0.0002808370645626904,50358,0.18353298368783166
250,0.1889934378561136,0.1836370806915446,0.002445367289152783,0.0001,6.698835066372986e-06,0.005478796658553367,0.0002925414384860657,49806,0.1889934378561136
251,0.1821531531664222,0.1843598575654582,0.002388605521694834,0.0001,6.442606737016489e-06,0.005394450174799179,0.0002811395276177505,50451,0.1821531531664222
252,0.1817303742711753,0.1850718058714537,0.0023885529880235718,0.0001,6.613498776484173e-06,0.0055376613452955605,0.0002768968017812881,50549,0.1817303742711753
253,0.19026242283780676,0.18584191915731027,0.002672838068670287,0.0001,7.5217293826649365e-06,0.005628271664363811,0.0002971476298422799,49686,0.19026242283780676
254,0.18509004109993674,0.18654543980153407,0.0024922774435359547,0.0001,6.831315903693029e-06,0.0054819867036962,0.0002884912426603987,50263,0.18509004109993674
255,0.1879626642620458,0.18725168525988456,0.0024061524354817444,0.0001,6.48217807048801e-06,0.005388002833818956,0.000291969149761211,49921,0.1879626642620458
256,0.189335456866855,0.18794669190930222,0.0024458739698372018,0.0001,6.8902571156794774e-06,0.005634188188476527,0.0002879960830959142,49867,0.189335456866855
257,0.18818706074538907,0.1886380491354315,0.0024626491006856576,0.0001,6.715108849934511e-06,0.005453565307428387,0.0003003253921007598,49851,0.18818706074538907
258,0.18817276755728665,0.18937437085595568,0.0025382448000480264,0.0001,7.084800355484514e-06,0.005582440555261228,0.0002850010403831156,49947,0.18817276755728665
259,0.1886770160135518,0.1900796341803251,0.002456067201442709,0.0001,6.913595897808038e-06,0.005629810042450751,0.00030473994101175056,50022,0.1886770160135518
260,0.1918993152770418,0.19079687917905988,0.002418433331430722,0.0001,6.675054707254003e-06,0.005520147791963408,0.0002993191884116809,49687,0.1918993152770418
261,0.19292499052584086,0.19159790223861878,0.002722441302645438,0.0001,7.536427394330374e-06,0.005536521494150939,0.00030012727464104116,49616,0.19292499052584086
262,0.19481925800041439,0.1922758249674484,0.0023520541699810437,0.0001,6.246568425922433e-06,0.005311585511631969,0.0002903045261974702,49427,0.19481925800041439
263,0.193834045946126,0.19308087741984395,0.0027075481991446254,0.0001,7.3963313665352286e-06,0.005463490082187194,0.00030142853968639113,49442,0.193834045946126
264,0.1895245504531481,0.19376392760174865,0.002443880853458432,0.0001,6.469464634453497e-06,0.005294419018258031,0.00029519123233417397,49855,0.1895245504531481
265,0.1962144249942592,0.1945919370228596,0.002820116528267686,0.0001,7.993054808249234e-06,0.005668598959036016,0.0003141534465167162,49294,0.1962144249942592
266,0.1953332739392612,0.1953497684556129,0.0026790042046389694,0.0001,7.277055635854805e-06,0.005432657121817008,0.0003146321462676462,49302,0.1953332739392612
267,0.19651340839488995,0.1960583158400133,0.002433256001669583,0.0001,6.556697347344037e-06,0.00538923758358771,0.00030869786480017546,49265,0.19651340839488995
268,0.1960200909602703,0.19676166688091615,0.002467027206280242,0.0001,6.7923449746362785e-06,0.005506501879951055,0.0003042911774211522,49176,0.1960200909602703
269,0.19599117966103885,0.19744583738150312,0.002398832039052435,0.0001,6.375042502766899e-06,0.0053151220252044915,0.0003076924679869673,49234,0.19599117966103885
270,0.19986945497637357,0.19824782859038775,0.0027470611967019224,0.0001,7.271676151480453e-06,0.0052941493696687285,0.0003055839937121839,49068,0.19986945497637357
271,0.1930068334161955,0.19894239509368167,0.002413589857238919,0.0001,6.4956654548672065e-06,0.00538257602913369,0.00030989053428242565,49561,0.1930068334161955
272,0.20067233193669748,0.19970154584032146,0.002676121226630505,0.0001,7.3261615228746465e-06,0.005475209007701785,0.00031066583086044187,48889,0.20067233193669748
273,0.20159158940208557,0.20036141095438448,0.002409736726719505,0.0001,6.443547409308956e-06,0.005347926466706492,0.00030673837544805733,48861,0.20159158940208557
274,0.20106913755869826,0.20102690364925668,0.0024597055106819242,0.0001,6.826815737349033e-06,0.005550921203942321,0.0003183460329908384,48964,0.20106913755869826
275,0.19710408628950982,0.20166811953536573,0.002353045310699784,0.0001,6.260379563008468e-06,0.005321087132951692,0.0003105538696764995,49291,0.19710408628950982
276,0.2017064088992498,0.20239402441311613,0.0026869911242415148,0.0001,7.317961442877667e-06,0.005446956171054257,0.0003090742366448579,48957,0.2017064088992498
277,0.19904086646980618,0.20311415042840972,0.0025599212628280377,0.0001,6.742608321078641e-06,0.005267824771789923,0.00030033448287521597,49154,0.19904086646980618
278,0.20529681707484365,0.20388523836039443,0.0027592461289127294,0.0001,7.585959904650904e-06,0.0054985742845928155,0.0003192619704074873,48631,0.20529681707484365
279,0.20009513341983856,0.20462216518078363,0.002676994386720664,0.0001,7.120896232396842e-06,0.005320068109010858,0.0003183156888579532,49042,0.20009513341983856
280,0.206686696837388,0.20528309161431382,0.002408316803973406,0.0001,6.416068429947488e-06,0.005328259487590518,0.0003307251572876297,48513,0.206686696837388
281,0.20632241806963678,0.20604634090650942,0.002751835751486908,0.0001,7.311468503941119e-06,0.005313884376994877,0.0003216712375590376,48550,0.20632241806963678
282,0.20545365375704241,0.20673197032389745,0.0025033557183764517,0.0001,6.879309315102151e-06,0.005496070146645974,0.0003164967399685696,48553,0.20545365375704241
283,0.20890701180255616,0.20729966959193225,0.0022786738938979662,0.0001,6.064078170798537e-06,0.005322462496311964,0.0003325967116929612,48275,0.20890701180255616
284,0.20505125784148923,0.20792194465882352,0.002442716753703612,0.0001,6.602761781662674e-06,0.005406080563087523,0.00032375457406134793,48629,0.20505125784148923
285,0.20586037609217483,0.20864377368221954,0.0026878368989293132,0.0001,7.172711750836463e-06,0.005337162945931487,0.00031961803983902425,48508,0.20586037609217483
286,0.20099942476992871,0.2093558195270406,0.002563737668466831,0.0001,6.805049139675174e-06,0.005308693805435043,0.0003271439602427024,48954,0.20099942476992871
287,0.20644495864714701,0.2100767443082276,0.002571909776909557,0.0001,6.861109058380642e-06,0.005335419710270745,0.00031611430148514397,48580,0.20644495864714701
288,0.20801782721799217,0.21078290769795127,0.002550227252956935,0.0001,6.5868680041206285e-06,0.005165710621657968,0.0003268708222475229,48384,0.20801782721799217
289,0.21215028257267698,0.21153128040615718,0.002782759369708051,0.0001,7.5644793781371834e-06,0.005436675165291635,0.00032962070185080044,48097,0.21215028257267698
290,0.21065630647634725,0.21220577771613183,0.0024629667594047795,0.0001,6.56553511888503e-06,0.005331403758345248,0.00033461179891349684,48183,0.21065630647634725
291,0.21345024229905912,0.2128824445933664,0.00247032684515465,0.0001,6.471150924667206e-06,0.005239105049892369,0.00033502716308842883,48019,0.21345024229905912
292,0.211944140611294,0.2136153326341068,0.0026880754632803453,0.0001,7.010341765404102e-06,0.0052158816678823106,0.0003291899727339021,48109,0.211944140611294
293,0.215358433248164,0.21432700092872836,0.002581595672795915,0.0001,6.636059045122107e-06,0.005141052191131956,0.0003283453660678596,47794,0.215358433248164
294,0.21196035743398256,0.21495039174116762,0.0024099713365747684,0.0001,6.225530763979087e-06,0.005166477019454744,0.0003355570049416236,47819,0.21196035743398256
295,0.21364170010970063,0.2156180062542723,0.0024960726968304525,0.0001,6.541890893336382e-06,0.005241747086648048,0.0003359901511438097,48028,0.21364170010970063
296,0.20949619892451102,0.2162638478624583,0.0024077177184811376,0.0001,6.0893145833649504e-06,0.005058163202957428,0.0003363438040035441,48181,0.20949619892451102
297,0.21415331324318604,0.21696245811132864,0.0026772459188179045,0.0001,6.9021674224295265e-06,0.0051561699087225195,0.0003409047260425857,47925,0.21415331324318604
298,0.21582036256282697,0.21765615705319538,0.002548533452677423,0.0001,6.726209965996264e-06,0.005278494546681255,0.0003385697034630698,47749,0.21582036256282697
299,0.22462231940736704,0.2183568510587675,0.002584228423619189,0.0001,6.962321727557453e-06,0.00538831758363433,0.0003488365485688296,47023,0.22462231940736704
300,0.21406158895753855,0.2190620881486392,0.002588182321780191,0.0001,7.101879072757769e-06,0.005487927966274795,0.00033785218941368035,47935,0.21406158895753855
301,0.21686294987990606,0.21977089945734302,0.002710317385283919,0.0001,7.053196657772638e-06,0.005204701630937426,0.00033504746227999824,47582,0.21686294987990606
302,0.22131622345859822,0.22042940413211132,0.0024749972977863473,0.0001,6.18065632529085e-06,0.004994475210796282,0.00034858997089804735,47219,0.22131622345859822
303,0.22768827765879185,0.22119228011417344,0.0028674227680656602,0.0001,7.790723957895309e-06,0.005433955567808277,0.0003505728679731981,46695,0.22768827765879185
304,0.21735892390279205,0.22184401189779082,0.0025891568096122262,0.0001,6.511458401953503e-06,0.00502979068535344,0.00033885476386481047,47422,0.21735892390279205
305,0.21604234050940307,0.22247209201382953,0.0025115391599536867,0.0001,6.548795452418082e-06,0.0052149658319791785,0.0003438443483769565,47799,0.21604234050940307
306,0.22503955476896073,0.22314716675174417,0.002577341419026894,0.0001,6.79364679608732e-06,0.005271825258333328,0.0003454487230886154,47026,0.22503955476896073
307,0.2247199459926765,0.22383548516155335,0.0025973853674382003,0.0001,6.788797152985105e-06,0.005227408484002428,0.0003574092399197011,47079,0.2247199459926765
308,0.2224514218860561,0.22444123649079994,0.002396234467903908,0.0001,5.7567560398757575e-06,0.0048048353506169586,0.00035431097030125486,47282,0.2224514218860561
309,0.22343739385760242,0.22501723198258725,0.002514288459700053,0.0001,6.590959920598657e-06,0.005242803302994866,0.00034413033409389263,47235,0.22343739385760242
310,0.220670841451188,0.2256626213098068,0.0025631229699702284,0.0001,6.674086240018368e-06,0.0052077768551977745,0.00034750609206105336,47330,0.220670841451188
311,0.22076396640548807,0.22631231526201015,0.002571150560805812,0.0001,6.699759171665073e-06,0.005211487241389188,0.00036020068088126627,47366,0.22076396640548807
312,0.2299896899719003,0.2269681335127588,0.002609609604534851,0.0001,6.788563379290989e-06,0.0052027424849250695,0.0003446818291347397,46594,0.2299896899719003
313,0.2271876220998436,0.22762396212268227,0.002501129740404602,0.0001,6.4470271014083955e-06,0.0051552920244477005,0.0003520140847246213,46946,0.2271876220998436
314,0.22786713980927326,0.22826910903366812,0.0026123401831755636,0.0001,6.766814852394404e-06,0.00518065364991527,0.00036106958493612996,46711,0.22786713980927326
315,0.23042618269807974,0.22885827791874233,0.0024083063191326767,0.0001,6.103145632670491e-06,0.005068413086976798,0.0003643413622269977,46660,0.23042618269807974
316,0.23212291016943892,0.22944275685195464,0.002371244624249445,0.0001,5.879135050788356e-06,0.004958691305541063,0.00036818664260492115,46392,0.23212291016943892
317,0.22703414237652506,0.230052884017602,0.002449631511105615,0.0001,6.300445147830969e-06,0.005143994204244481,0.0003486246982722953,46826,0.22703414237652506
318,0.22685739542744668,0.23064637086721446,0.0024892241268476517,0.0001,6.272454472282306e-06,0.00503968638631647,0.0003643714639415493,46946,0.22685739542744668
319,0.23379838084579813,0.23128443864108436,0.00253156030334352,0.0001,6.514495105068091e-06,0.005146624472238856,0.0003661492636058464,46265,0.23379838084579813
320,0.229569336617913,0.23189970680160607,0.002501392630010867,0.0001,6.200629982540766e-06,0.004957742265766434,0.0003679401876979983,46588,0.229569336617913
321,0.2324306920086524,0.23259704882537846,0.0027221320261296665,0.0001,6.889320351163248e-06,0.005061709193406389,0.0003698043017621485,46409,0.2324306920086524
322,0.23378839904136062,0.2332605185548817,0.002574193732513496,0.0001,6.472000566864993e-06,0.0050283710080714075,0.0003615841486794407,46292,0.23378839904136062
323,0.2317964304685134,0.23389647918381706,0.0025734246610367778,0.0001,6.513005752829712e-06,0.005061741928132268,0.0003708252583090797,46366,0.2317964304685134
324,0.23230163030055012,0.23451062398170697,0.0024543463832513673,0.0001,6.261050618997365e-06,0.00510201058964066,0.0003616758272249815,46409,0.23230163030055012
325,0.23662261683968938,0.23511631460352198,0.0025805456731428865,0.0001,6.422504370860032e-06,0.004977632783408917,0.00036425537858375626,46112,0.23662261683968938
326,0.2345336835898616,0.2357075194350845,0.002522855669938702,0.0001,6.241457034800913e-06,0.004947930322904729,0.0003583531064539544,46421,0.2345336835898616
327,0.23486665014753585,0.23632161964948575,0.0025357043446588606,0.0001,6.032256309033151e-06,0.004757854614824739,0.0003621983281969934,46272,0.23486665014753585
328,0.23508823933470288,0.236934064316345,0.0025343037089214523,0.0001,6.365385480948279e-06,0.00502338015648271,0.0003643493283896358,46140,0.23508823933470288
329,0.23549158492444383,0.23755559156141548,0.0025749876561309195,0.0001,6.515178596077783e-06,0.0050603571481715355,0.00036175450721719467,46094,0.23549158492444383
330,0.23914978884023153,0.2381275209862177,0.0024398707140285973,0.0001,6.061630633934233e-06,0.004968812977738118,0.00037443217648678434,45927,0.23914978884023153
331,0.23625537500750346,0.23875801276068392,0.002606547985288505,0.0001,6.283408157501489e-06,0.004821248788025678,0.0003650055949976651,46092,0.23625537500750346
332,0.2332979406183554,0.23939209672856718,0.002500664272936215,0.0001,6.105810870052624e-06,0.004883351144840679,0.0003701002431755571,46329,0.2332979406183554
333,0.239963048648403,0.24002346142112002,0.0025996640119531665,0.0001,6.463285825578936e-06,0.004972400891700596,0.0003726634183156833,45792,0.239963048648403
334,0.2389799263982461,0.24062983812343944,0.00252625637018621,0.0001,6.412778103964297e-06,0.005076902075058686,0.0003743184408431582,45898,0.2389799263982461
335,0.23346636596277975,0.24125441363984154,0.0026495074023328933,0.0001,6.691174213282124e-06,0.005050881690227051,0.00037182177004853724,46293,0.23346636596277975
336,0.24559453692949917,0.2417856915547735,0.0023143467086795045,0.0001,5.535720760985291e-06,0.004783830132472938,0.00038102044395986164,45267,0.24559453692949917
337,0.24079759572761428,0.24237692214689277,0.002600188449566541,0.0001,6.555185331135682e-06,0.005042084801375416,0.00037717718225235977,45759,0.24079759572761428
338,0.23994875595677484,0.2429563011304688,0.0025139390977367755,0.0001,6.2303212675810685e-06,0.0049566206859903966,0.00037879436065884015,45823,0.23994875595677484
339,0.23972897984555258,0.24354912830480396,0.002629005484593777,0.0001,6.58820198686028e-06,0.005011934760477125,0.00038469799519432314,45749,0.23972897984555258
340,0.24643743520170552,0.24407302781122828,0.0023640744351003957,0.0001,5.689199524180978e-06,0.004813046018950221,0.0003785275529419222,45213,0.24643743520170552
341,0.24549792666553144,0.24474387877980688,0.002732395714189039,0.0001,6.679408424470198e-06,0.0048890491152396,0.0003894762660570113,45406,0.24549792666553144
342,0.2428041050547306,0.2454134807386745,0.002813286871630606,0.0001,7.18354869512665e-06,0.005106872510987832,0.0003657584590940338,45430,0.2428041050547306
343,0.24186382015434157,0.24596208666661362,0.0024181113727230266,0.0001,5.82392037251584e-06,0.004816916572339299,0.00038005234799631327,45673,0.24186382015434157
344,0.25164701806184,0.2465484842527313,0.002582424812381389,0.0001,6.471929384069741e-06,0.005012288724179068,0.0003974448653976244,44904,0.25164701806184
345,0.24811257137658904,0.2471084347929528,0.002563002673959814,0.0001,6.257674918259797e-06,0.004883081068808836,0.0003972929261050187,45148,0.24811257137658904
346,0.2469950608225675,0.2476790257818099,0.0025367031814872943,0.0001,6.0441567536476895e-06,0.004765363797985968,0.00037865783277913793,45123,0.2469950608225675
347,0.24605862903962725,0.2482378930361526,0.0025349803054247016,0.0001,6.170902652215509e-06,0.004868600074730488,0.0003796881061330148,45179,0.24605862903962725
348,0.24719721426080565,0.2488006821534799,0.0023751589331779403,0.0001,5.464267892510835e-06,0.004601180844095933,0.00038698806340056936,45256,0.24719721426080565
349,0.24407029427533206,0.24934950126653913,0.002521316822763425,0.0001,6.16185027242746e-06,0.0048878032437620605,0.00038107876177647076,45398,0.24407029427533206
350,0.2473239750621855,0.2498566391408665,0.002354488789274127,0.0001,5.572825136614373e-06,0.004733787786122726,0.00036740653691943906,45215,0.2473239750621855
351,0.2518498797233162,0.250410952629599,0.0024645838778587104,0.0001,5.865984710455734e-06,0.0047602232272591525,0.00039107122216631995,44932,0.2518498797233162
352,0.24573445176967096,0.25096425422293567,0.0024952675725992374,0.0001,5.854923324472829e-06,0.0046928220354131795,0.0003881655609581933,45362,0.24573445176967096
353,0.25543412707210467,0.2515230486395472,0.0024458063894543963,0.0001,5.85536047746218e-06,0.0047880817571732456,0.0003848163531697649,44578,0.25543412707210467
354,0.25596276738701584,0.25206039139288006,0.0024613392619337905,0.0001,6.1042300199487265e-06,0.004960088285556247,0.000391728705475066,44453,0.25596276738701584
355,0.24897313277626187,0.2525768284487156,0.002468994916702498,0.0001,5.916116349938315e-06,0.004792327687607935,0.0003855046942291588,45055,0.24897313277626187
356,0.2574180918470298,0.2531324003868714,0.002504607252707208,0.0001,5.9291433612937e-06,0.004734589309269899,0.0004030303816896469,44350,0.2574180918470298
357,0.25164544152200236,0.2537180830244599,0.002553543921640821,0.0001,5.917586258015045e-06,0.004634802799250544,0.0003862893896283356,44762,0.25164544152200236
358,0.25307129930063277,0.25428914338657543,0.0025959312865546317,0.0001,6.065267526406316e-06,0.004672902983080304,0.0003904459692829366,44818,0.25307129930063277
359,0.2580227887506673,0.2548797290532542,0.0026215019091814437,0.0001,6.347605720532173e-06,0.004842724468977553,0.0004029352563314461,44510,0.2580227887506673
360,0.2562120642408066,0.2554918991282441,0.002663645567701506,0.0001,6.572132750988642e-06,0.004934690133462328,0.00039565975370239116,44446,0.2562120642408066
361,0.25625715507179514,0.2560284654598682,0.0024378734304170953,0.0001,5.830541385367769e-06,0.004783301144859045,0.00038955210649943073,44495,0.25625715507179514
362,0.25387476956652744,0.25649441468360307,0.0022827942787616443,0.0001,5.227486642924884e-06,0.0045799016508492885,0.00038336224985724264,44713,0.25387476956652744
363,0.2580273367669898,0.25698095687333194,0.002344361045104652,0.0001,5.414908177721593e-06,0.00461951727873031,0.0004030188116608183,44342,0.2580273367669898
364,0.2613980908029631,0.2575354505941365,0.0025512002686396843,0.0001,5.782574671540808e-06,0.004533218926496988,0.0003941703600096594,43941,0.2613980908029631
365,0.2631345651780364,0.25809810253438437,0.00261148172415399,0.0001,6.105120260638229e-06,0.004675598687267114,0.0004112610395019379,43799,0.2631345651780364
366,0.2616754715497622,0.2586476770684754,0.0025792810917248275,0.0001,6.117946948472697e-06,0.0047439164099648224,0.0004024960268250281,43922,0.2616754715497622
367,0.25246854977869204,0.25916099828873373,0.0024818702557905794,0.0001,5.7811213865290465e-06,0.0046586813900048275,0.0004073642180104148,44693,0.25246854977869204
368,0.2558314696613703,0.25967324324832447,0.0025614907835268914,0.0001,6.254420882632725e-06,0.0048834225154002495,0.0003953820867198829,44577,0.2558314696613703
369,0.26264987301461695,0.26021697421795403,0.0027074631539643775,0.0001,6.824312025180961e-06,0.00504111165109562,0.0004113082443224892,43904,0.26264987301461695
370,0.2605826663814217,0.2607885359013247,0.0025825666948115734,0.0001,6.256433417916046e-06,0.004845128244304662,0.00040095551847987366,44126,0.2605826663814217
371,0.25832888589840813,0.26130909630723376,0.0025316447608075996,0.0001,5.677635993794712e-06,0.004485333868076763,0.00038928935777938654,44366,0.25832888589840813
372,0.25736488756076714,0.2618323345028291,0.002531661387829703,0.0001,5.707117478084909e-06,0.004508594637118831,0.00040954005465979363,44290,0.25736488756076714
373,0.2633054048452863,0.2623208273450457,0.0023509069422119945,0.0001,5.248304182809441e-06,0.004464918698884143,0.0003885728589077737,43909,0.2633054048452863
374,0.2647364021110563,0.26286440418400064,0.0026070758233426913,0.0001,6.143652358190812e-06,0.0047130599756118035,0.0004142912975511186,43686,0.2647364021110563
375,0.26370880735192126,0.26342790619056133,0.002639410728996717,0.0001,6.2342178889711885e-06,0.004723946766209377,0.00039421074120808664,43866,0.26370880735192126
376,0.26386081078953866,0.2640158937145465,0.0027211743886480675,0.0001,6.3785011296342364e-06,0.004688050244955597,0.0003929021781140604,43802,0.26386081078953866
377,0.26521221185261545,0.2645232146138688,0.002449065427920785,0.0001,5.802850622423735e-06,0.004738828580296653,0.0004098198435249222,43702,0.26521221185261545
378,0.26702278282165715,0.26497802283546834,0.00228282201184309,0.0001,5.038472241285768e-06,0.004414248868415141,0.0004040129349798747,43527,0.26702278282165715
379,0.26831883092414943,0.2654671313877956,0.00239900522973566,0.0001,5.418652357356475e-06,0.0045174160441105345,0.0004064098344250096,43567,0.26831883092414943
380,0.2627890685717085,0.26595587473608556,0.0025188266479189473,0.0001,5.745136031011024e-06,0.004561755796698158,0.0004080304862038691,43913,0.2627890685717085
381,0.26092029419591306,0.2664746765224187,0.0025510124832163112,0.0001,5.7901910036335075e-06,0.0045395238492390655,0.00040493225906775227,44153,0.26092029419591306
382,0.26895344010388267,0.26700498654697563,0.0025015481535346257,0.0001,5.758234865804908e-06,0.0046037369759751885,0.0003980489294877972,43436,0.26895344010388267
383,0.26264088125372875,0.2674640025294042,0.002457825820944315,0.0001,5.657792137171914e-06,0.004603899990763502,0.0003949031328413599,44054,0.26264088125372875
384,0.2698738166846427,0.26799910769500057,0.002573299726684423,0.0001,5.877122383685411e-06,0.004567771350333767,0.0004001671781058063,43249,0.2698738166846427
385,0.2667533193775121,0.2685695280040402,0.002723027513275139,0.0001,6.330913252583882e-06,0.004649907664700263,0.0003976913242733929,43552,0.2667533193775121
386,0.2689307826736357,0.26907687818283477,0.002523992261034624,0.0001,5.520182300457434e-06,0.004374167374185707,0.0004118839550086366,43293,0.2689307826736357
387,0.2707889412682879,0.26964144262530143,0.0026596956295897992,0.0001,6.21958088023004e-06,0.004676911757146645,0.00041469887756622636,43213,0.2707889412682879
388,0.26862486263348345,0.2701327627556277,0.0025673075454870496,0.0001,5.9381453274198706e-06,0.004625971156325435,0.00041549677946131733,43403,0.26862486263348345
389,0.2684906977879278,0.27060269430408723,0.0025278324990298763,0.0001,5.832465687806395e-06,0.004614598229941864,0.0004065045327521661,43326,0.2684906977879278
390,0.27128511304862113,0.2711164116586486,0.0026345332876406098,0.0001,6.037829429703032e-06,0.004583604586078538,0.00041339522451064293,43149,0.27128511304862113
391,0.26945849119306053,0.2715709323636931,0.0022413254960864395,0.0001,4.862463634791918e-06,0.004338917879872626,0.0004079153544601273,43397,0.26945849119306053
392,0.2692791569343186,0.27205224162992925,0.002531824164261928,0.0001,5.654506557737529e-06,0.004466745074601907,0.00039546530754298376,43358,0.2692791569343186
393,0.2694981210283677,0.2725023155573744,0.0023594847170594156,0.0001,4.994892314366787e-06,0.0042338840156522254,0.0004076224276152212,43399,0.2694981210283677
394,0.2748125959846315,0.2729735949397033,0.002458754074555065,0.0001,5.601343713580355e-06,0.004556245597351148,0.00040879801067905414,42848,0.2748125959846315
395,0.27140980172322204,0.2734156928711162,0.0023183309951041167,0.0001,4.973741083173199e-06,0.004290794622231954,0.0004085289066785775,42992,0.27140980172322204
396,0.2752441790128911,0.2739116989439209,0.0025254229847264083,0.0001,5.4976186957404595e-06,0.00435382011567147,0.0004265099112993218,42915,0.2752441790128911
397,0.26902104999972465,0.2744309593783433,0.0026839020670949287,0.0001,6.121302688390071e-06,0.004561494820126432,0.0004085921840467077,43357,0.26902104999972465
398,0.2731148405716739,0.2749002861912329,0.002526061487760799,0.0001,5.616282440069219e-06,0.004446671205179344,0.00040227321136001513,43099,0.2731148405716739
399,0.27268872016731366,0.2753955736607862,0.002434411786956578,0.0001,5.266595964426572e-06,0.0043267913774034895,0.0004136561060871262,43028,0.27268872016731366
400,0.27429883377930075,0.27584806130811457,0.0024221301434806334,0.0001,5.1296154368012174e-06,0.004235623300926259,0.00041887305981615637,43095,0.27429883377930075
401,0.28087634622816304,0.2763467098143438,0.0025697825354724655,0.0001,5.751533579008689e-06,0.00447628038529824,0.0004337183608702472,42257,0.28087634622816304
402,0.2774480256181295,0.2768159382341272,0.0024464377048364857,0.0001,5.212784387996624e-06,0.004261530451146341,0.00042433324240773797,42676,0.2774480256181295
403,0.2788226172674781,0.27731532548833854,0.0025779813149235044,0.0001,5.619345998901667e-06,0.004359493194440323,0.00042439066384930546,42585,0.2788226172674781
404,0.2772420158317491,0.277755330599604,0.0023650067392440724,0.0001,5.195855943399212e-06,0.0043939459936253415,0.00042674543095083873,42473,0.2772420158317491
405,0.27401252908943863,0.27824600869247557,0.0025556915790763825,0.0001,5.6406415947610444e-06,0.0044141802093346115,0.0004131697667532596,42884,0.27401252908943863
406,0.27749010930272733,0.2786964282474419,0.00245702947063525,0.0001,5.230373123396935e-06,0.004257476913408493,0.000421158805049051,42748,0.27749010930272733
407,0.2749600053309433,0.2791699057716208,0.002530317438982762,0.0001,5.4436506671500484e-06,0.004302741295051505,0.0004279021623811725,42875,0.2749600053309433
408,0.28221891874804195,0.27966990855945123,0.0026191044933681217,0.0001,5.758525846432072e-06,0.00439732424652268,0.0004219474127804318,42367,0.28221891874804195
409,0.28231179917982585,0.28005719934122064,0.002234625614880501,0.0001,4.756840581201395e-06,0.004257393766119316,0.0004189812009762533,42345,0.28231179917982585
410,0.279493288267316,0.280498302070234,0.0023846346183069374,0.0001,4.973347311935333e-06,0.00417116087618182,0.00041181544610077877,42546,0.279493288267316
411,0.2852692698265281,0.28096426020432314,0.0024845246366588768,0.0001,5.31692203613643e-06,0.0042800316468477335,0.0004211131349610876,41986,0.2852692698265281
412,0.2826426041622646,0.28140597840674897,0.0024637592498909736,0.0001,5.272625318226678e-06,0.004280146543100752,0.00042927607876537213,42275,0.2826426041622646
413,0.28297999900613074,0.28189630910927005,0.0025997979999435312,0.0001,5.604528165223131e-06,0.0043115104830028055,0.0004213749890557717,42295,0.28297999900613074
414,0.27824436967641486,0.2823912578250738,0.0025063473547878765,0.0001,5.330590128833373e-06,0.004253672276231261,0.00042037241080550194,42638,0.27824436967641486
415,0.2786237125553136,0.2828208502911411,0.0023887826709916397,0.0001,5.1698190904328716e-06,0.004328413089405709,0.0004237183522786453,42606,0.2786237125553136
416,0.2758228328363718,0.2832629102723082,0.002363525794921555,0.0001,4.801735642164796e-06,0.004063197154422564,0.00041520588450353767,42812,0.2758228328363718
417,0.28607664316068504,0.28369947983043176,0.0024999209804844255,0.0001,5.3449144750253665e-06,0.004276066737109145,0.00042859957950219037,41965,0.28607664316068504
418,0.2863290131944215,0.28414497678909384,0.002499008631010176,0.0001,5.266327915738665e-06,0.004214733675097275,0.0004352563455508949,41802,0.2863290131944215
419,0.283123018282613,0.28456556757487267,0.002421788020937995,0.0001,5.293630913026613e-06,0.004371671564364505,0.0004192078511967058,42078,0.283123018282613
420,0.2896951789503358,0.2849967245770548,0.0024308431865340797,0.0001,5.09229930406126e-06,0.004189739043859848,0.00042699182862317197,41638,0.2896951789503358
421,0.28571459916295194,0.285413885493448,0.002352524615213766,0.0001,4.694539562687683e-06,0.003991065200617342,0.0004286233446269303,42017,0.28571459916295194
422,0.2828018563775324,0.28580432713415366,0.0024461798480008077,0.0001,5.209332037642714e-06,0.004259157021426818,0.00042273814707563496,42263,0.2828018563775324
423,0.2826059265770502,0.28624595555050286,0.0023849686351223513,0.0001,5.028885747058819e-06,0.004217150425377255,0.0004096868204214566,42231,0.2826059265770502
424,0.2891259892224154,0.2867299245229357,0.0026580501021523694,0.0001,5.889371369259123e-06,0.004431347147662999,0.0004345190680807047,41677,0.2891259892224154
425,0.28381458879610316,0.28717843138436105,0.0024952122361789142,0.0001,5.191014243622065e-06,0.004160779727155726,0.00042860998431221056,42126,0.28381458879610316
426,0.28439648568491793,0.2876674093708167,0.00264504252110004,0.0001,5.663814101418792e-06,0.004282588318514654,0.0004302893268388762,42035,0.28439648568491793
427,0.2882843029065185,0.288035071677153,0.0022430235949976473,0.0001,4.658817592812423e-06,0.004154051346764643,0.00042114131680494007,41772,0.2882843029065185
428,0.28919524021781273,0.28849293337921184,0.002639052166747542,0.0001,5.800142352935026e-06,0.004395625388552527,0.0004378656263027683,41812,0.28919524021781273
429,0.2922200183296185,0.28895011853479646,0.0025122287966599273,0.0001,5.100345609146493e-06,0.0040604148920890745,0.00042373404766287055,41453,0.2922200183296185
430,0.2931063006746133,0.28943901230446323,0.002666090875265572,0.0001,5.768423007660099e-06,0.004327251603593969,0.0004355488994609659,41451,0.2931063006746133
431,0.2905599481679909,0.28981016836425844,0.0022457541236057996,0.0001,4.641939532407294e-06,0.0041339695059351925,0.0004371093651213009,41606,0.2905599481679909
432,0.290848081463142,0.2902269125353319,0.002430774957577258,0.0001,5.135693708003235e-06,0.0042255608171329504,0.00042943803672179805,41641,0.290848081463142
433,0.2926533983960854,0.29064893970525646,0.0024082059479507982,0.0001,5.088288911010733e-06,0.004225792163116682,0.0004314015408222911,41433,0.2926533983960854
434,0.2895538401341514,0.2910904456364296,0.002511657270934451,0.0001,5.153864666388835e-06,0.004103955365272717,0.0004329004733892635,41618,0.2895538401341514
435,0.2908865835208492,0.29150658028433224,0.002561303096764148,0.0001,5.37867338845141e-06,0.004199950716685283,0.0004290394255824316,41629,0.2908865835208492
436,0.28827688642485716,0.2918856795559908,0.002399419256560098,0.0001,5.003921608104563e-06,0.004170943943559395,0.0004345603438375443,41816,0.28827688642485716
437,0.2917894346846328,0.292326656787471,0.002508098160742372,0.0001,5.33599306412345e-06,0.004255011344965899,0.0004387708711696164,41508,0.2917894346846328
438,0.2924054422572204,0.2927229658096938,0.002431541584340281,0.0001,5.026344454746253e-06,0.004134286238094493,0.0004359830981504225,41533,0.2924054422572204
439,0.29165311399156224,0.2931519870982588,0.0024644680857654117,0.0001,5.1568133702367325e-06,0.004184930127537144,0.0004374978328926906,41444,0.29165311399156224
440,0.2890782779379586,0.2935852654359772,0.00243622656382729,0.0001,4.981294506470609e-06,0.0040893524275878845,0.00042627934444805255,41740,0.2890782779379586
441,0.29111375526334216,0.293974841595263,0.0023925433285593993,0.0001,4.893099413102097e-06,0.004090291159782954,0.0004345504524024492,41413,0.29111375526334216
442,0.29643143042441567,0.2943713091097909,0.0024003296409040495,0.0001,4.847377919755342e-06,0.004038926851671629,0.00043379412243036347,40954,0.29643143042441567
443,0.29592938469425156,0.2947188249353821,0.002269745980407187,0.0001,4.628817399841536e-06,0.004078709635173481,0.0004334066570974609,41168,0.29592938469425156
444,0.2979303188296413,0.29516345755092194,0.00250953298015869,0.0001,4.8969983508017675e-06,0.003902716871640481,0.00043028084809924974,40897,0.2979303188296413
445,0.2971878501247224,0.29561299611325315,0.0025354861565664148,0.0001,5.108376054614259e-06,0.004029504196964011,0.0004311327924534569,41042,0.2971878501247224
446,0.2983685352339759,0.2959958172269253,0.002401189010552808,0.0001,4.718988219275958e-06,0.003930542908981197,0.0004331549829573768,41065,0.2983685352339759
447,0.29452419116619644,0.29640810903878395,0.00248365572859508,0.0001,5.025815301217407e-06,0.004047111073691635,0.0004336146732108211,41249,0.29452419116619644
448,0.2958805652255198,0.29682300895396196,0.0025270889910070254,0.0001,5.215711151090514e-06,0.00412784129854651,0.00044548100788475596,41247,0.2958805652255198
449,0.29041043002872785,0.29723656442525365,0.0025119901731988767,0.0001,5.132830270774679e-06,0.004086664291555178,0.00043527603880990804,41540,0.29041043002872785
450,0.2959672269766349,0.29760667939450103,0.00245350648565247,0.0001,5.01021981473228e-06,0.004084130075898206,0.00044763806098589254,41166,0.2959672269766349
451,0.2973861056705126,0.2979999477405284,0.0024431615503689914,0.0001,4.891818057623239e-06,0.004004498234580047,0.00043654769035584716,40965,0.2973861056705126
452,0.29645082959383495,0.2984008817069525,0.002373788550207016,0.0001,4.731164358206917e-06,0.003986171689803048,0.000429048024506702,41187,0.29645082959383495
453,0.29910012249589846,0.298763412779041,0.0023588656034278384,0.0001,4.665756004742809e-06,0.003955932036113174,0.0004340476905610177,40886,0.29910012249589846
454,0.3000415644930043,0.29913820898980825,0.0023014193839442144,0.0001,4.577266472871087e-06,0.0039777769360980035,0.0004324778668662651,40742,0.3000415644930043
455,0.2981148548569751,0.2995109595343579,0.00242921903385978,0.0001,4.853838933816994e-06,0.0039962134876777595,0.0004334730272678826,40960,0.2981148548569751
456,0.299019248652601,0.29985979504296206,0.002349101293614602,0.0001,4.7529176121859515e-06,0.004046583793645234,0.00044605425394067153,40794,0.299019248652601
457,0.3001851640852757,0.3002122599456526,0.0023827467999628133,0.0001,4.699822702563997e-06,0.003944877989249504,0.0004313752855836685,40816,0.3001851640852757
458,0.3001453535056603,0.30056378161165814,0.002350077203347259,0.0001,4.644070475122587e-06,0.00395227056243765,0.00043798834917204907,40872,0.3001453535056603
459,0.2966513476469825,0.30091330876668393,0.0024547643584144664,0.0001,4.969162958729472e-06,0.004048586530675439,0.00043700396145610965,41003,0.2966513476469825
460,0.2956468661016395,0.3012747411978677,0.0023197021535946603,0.0001,4.371798052663924e-06,0.003769275332084589,0.000433550906318279,41246,0.2956468661016395
461,0.3002307117142991,0.30165211192348224,0.0022961070601135083,0.0001,4.499019543619052e-06,0.003918823840380197,0.00043448085196125117,40846,0.3002307117142991
462,0.2999894415998146,0.30207053595683103,0.0024731532811627815,0.0001,4.978952312335018e-06,0.004026400102458758,0.0004438580508530328,40752,0.2999894415998146
463,0.2988004122503942,0.3024594545924895,0.0025316234749642058,0.0001,5.17581098745653e-06,0.004088926365742212,0.0004478884357473999,40689,0.2988004122503942
464,0.3000521915881452,0.3028423417318337,0.0024644675130312513,0.0001,4.909071147038549e-06,0.00398387978018057,0.00045421658951882337,40862,0.3000521915881452
465,0.3020985346126448,0.30324200845903665,0.0024420303659523235,0.0001,4.622960375218918e-06,0.003786161253089981,0.0004361672605300725,40673,0.3020985346126448
466,0.29851794514128427,0.3036178425251502,0.0024013218868449357,0.0001,4.586038230028892e-06,0.0038195947450047397,0.00044583442249706916,40807,0.29851794514128427
467,0.3012430971099883,0.304015112847424,0.0024084042320724995,0.0001,4.596318605461673e-06,0.0038168996252812685,0.00044802989144523747,40732,0.3012430971099883
468,0.30225206895225687,0.3043856617028472,0.0024100677157430973,0.0001,4.584494448056486e-06,0.003804452811105306,0.00044600818989519713,40484,0.30225206895225687
469,0.30189061796981187,0.30474105051508477,0.002268313170265325,0.0001,4.429895566539735e-06,0.003905894146020032,0.00045432213131021477,40607,0.30189061796981187
470,0.30299199020234285,0.30508652736913555,0.002359675708236402,0.0001,4.716036361104823e-06,0.003997190244950685,0.0004480980738739035,40558,0.30299199020234285
471,0.3111521300941018,0.3054315695671461,0.002291475749879653,0.0001,4.295744406089906e-06,0.003749325652968849,0.0004463120135080975,39918,0.3111521300941018
472,0.3056392081772844,0.3056895300782056,0.0021616860012762334,0.0001,4.0127627855854776e-06,0.0037126231869165005,0.0004314775812527925,40156,0.3056392081772844
473,0.3063893431622589,0.30607698053557353,0.0024606787741073086,0.0001,4.93434283393955e-06,0.004010554230695669,0.0004420184429612885,40325,0.3063893431622589
474,0.30572140545542525,0.30643549149741456,0.0024619592781450306,0.0001,4.8850444431821944e-06,0.003968420181882816,0.00043731343749515473,40185,0.30572140545542525
475,0.3058535057921944,0.3068209765464372,0.002369401701296329,0.0001,4.572631638268906e-06,0.003859735253644126,0.0004414857427777573,40212,0.3058535057921944
476,0.30795733740694653,0.3071765816825705,0.002326555430234993,0.0001,4.354224480928071e-06,0.0037430653268280593,0.00043836579222294655,40208,0.30795733740694653
477,0.3078879868923391,0.3075677120997918,0.0024751910103558623,0.0001,4.762405082931324e-06,0.0038481111663754976,0.0004672249454786725,40141,0.3078879868923391
478,0.30624770092914766,0.30787905174502445,0.002138970773533448,0.0001,4.034326142655157e-06,0.0037722124982481156,0.0004446009077106425,40317,0.30624770092914766
479,0.3102553832849667,0.30822769147497436,0.002413096783369094,0.0001,4.846718804408851e-06,0.004017011532908354,0.0004421745327441,39985,0.3102553832849667
480,0.30545424917103714,0.30854085452791274,0.0022410580887822088,0.0001,4.231529737047807e-06,0.003776367741852885,0.0004533517822911601,40254,0.30545424917103714
481,0.3070426476339245,0.30890985662490666,0.0024865088685740487,0.0001,4.809869123580544e-06,0.0038687729485870565,0.0004427884770488115,40231,0.3070426476339245
482,0.31185971471864227,0.3092477708588789,0.0022996363809230334,0.0001,4.262458165260773e-06,0.0037070714314842218,0.0004526076290048665,39741,0.31185971471864227
483,0.3111771390564846,0.30959471640700614,0.0023374796345944577,0.0001,4.204361800335363e-06,0.003597346251159788,0.00045130349565494803,39845,0.3111771390564846
484,0.3100627668826593,0.3099311825506595,0.0024472526932125182,0.0001,4.720139160277826e-06,0.0038575004317038296,0.00044001971805472347,39881,0.3100627668826593
485,0.30814376108392094,0.3103188436783615,0.0024584849875363807,0.0001,4.61291238931613e-06,0.0037526463758793794,0.0004504532713920347,40146,0.30814376108392094
486,0.3109771002431132,0.31063020579223577,0.0022761371674954066,0.0001,4.297589524262059e-06,0.0037762131260226277,0.0004579151668276137,39790,0.3109771002431132
487,0.3097497256492812,0.310963792975774,0.0023863652947034987,0.0001,4.547304659741025e-06,0.0038110717330944234,0.0004337497237356595,39949,0.3097497256492812
488,0.3104122218359988,0.31124372079566354,0.002165322519337914,0.0001,4.069106809924571e-06,0.003758430232526074,0.0004388147344617375,39854,0.3104122218359988
489,0.31376733943186047,0.311560033029919,0.0022122204406614006,0.0001,3.996326289605278e-06,0.003612954854002228,0.0004438615483959489,39720,0.31376733943186047
490,0.31002760004214514,0.3118673839168074,0.0022926599680911687,0.0001,4.164957265112293e-06,0.0036332969765071337,0.0004451861610398082,39823,0.31002760004214514
491,0.31827676763141166,0.3121340927968586,0.0021565936354610528,0.0001,4.11569129460308e-06,0.003816844515284118,0.00045926149401946583,39348,0.31827676763141166
492,0.30760272859809984,0.31240659028565226,0.0021781244005866754,0.0001,3.853114919163259e-06,0.003538011803297761,0.00044998340366234296,40219,0.30760272859809984
493,0.3107692551978889,0.31275670270437617,0.0023348882560040923,0.0001,4.397230232798418e-06,0.0037665444772280454,0.0004613402254215297,39893,0.3107692551978889
494,0.3140308959982803,0.31308960572838274,0.002232066223847042,0.0001,4.049697605856217e-06,0.0036286536327550583,0.0004344170910147643,39671,0.3140308959982803
495,0.31542869354522973,0.31343282994508936,0.0024246897609837255,0.0001,4.648759198270812e-06,0.003834518768607127,0.0004520927069117279,39521,0.31542869354522973
496,0.31518626037229763,0.3137729085155823,0.0023760842081572537,0.0001,4.330223554374463e-06,0.0036448401445609716,0.0004440377861727239,39560,0.31518626037229763
497,0.31279378906212296,0.3141489380347487,0.0025058092716278243,0.0001,4.834229637367598e-06,0.0038584178709077763,0.0004565944759261054,39777,0.31279378906212296
498,0.31576826983149736,0.31445077833278845,0.002334730378376231,0.0001,4.331304769477071e-06,0.00371032544879073,0.0004303488016402835,39390,0.31576826983149736
499,0.3150944585753213,0.3147129960736359,0.002239138447478443,0.0001,4.21155427236435e-06,0.003761763170211381,0.00043918344116218805,39520,0.3150944585753213
500,0.31508925170114555,0.31499720520440383,0.0022208326002651655,0.0001,4.167052853190142e-06,0.003752694239712258,0.0004580593890078541,39406,0.31508925170114555
501,0.31390643004961505,0.3152926750861413,0.0022017640785624948,0.0001,3.8408872940063026e-06,0.0034889181192509695,0.0004375334326701211,39591,0.31390643004961505
502,0.3166939919456986,0.31563108790658106,0.0023670648427634687,0.0001,4.201533762056274e-06,0.0035499946483520278,0.000460784126503499,39461,0.3166939919456986
503,0.3192095928453933,0.3159613908119616,0.0024613636732901912,0.0001,4.590270001883382e-06,0.0037298592253516183,0.0004549650711289755,39198,0.3192095928453933
504,0.31578483256541,0.3162891178332859,0.002392412120595835,0.0001,4.452638722014309e-06,0.003722300755528166,0.0004509080455472593,39504,0.31578483256541
505,0.31655958104027965,0.3165858732281833,0.002308334414187899,0.0001,4.210450893002828e-06,0.003648042386860239,0.0004564808218686043,39478,0.31655958104027965
506,0.31525201419697224,0.3169030966481801,0.0023011124567345236,0.0001,4.249354550516355e-06,0.003693304547615681,0.00046195154638838283,39420,0.31525201419697224
507,0.3172504574956723,0.31721940365824897,0.002332869879732662,0.0001,4.231570006807504e-06,0.0036277805663918346,0.0004554850567915766,39265,0.3172504574956723
508,0.3183418566780182,0.3175505852779945,0.0024286269753722965,0.0001,4.478316563319246e-06,0.003687941053716364,0.00045755066806424084,39202,0.3183418566780182
509,0.321012876020637,0.31788498400355053,0.0024014483029528993,0.0001,4.458932638196116e-06,0.003713536229543869,0.0004470350027197776,39048,0.321012876020637
510,0.3209550963905745,0.3182074107474007,0.002251433865000504,0.0001,3.8549036511496605e-06,0.0034243987452403334,0.00045130605385184795,38999,0.3209550963905745
511,0.31567691956958494,0.3185055933912192,0.002350004688083573,0.0001,4.3674554060286944e-06,0.0037169759091760365,0.0004681268861749271,39565,0.31567691956958494
512,0.31798295157975864,0.3187955374782225,0.0022848382262641714,0.0001,4.06938878829092e-06,0.0035620804497345803,0.0004300019929276242,39110,0.31798295157975864
513,0.31873711349744405,0.31911008854345113,0.0023189871801924645,0.0001,3.991522264874666e-06,0.0034424703154619326,0.0004520628769214162,39249,0.31873711349744405
514,0.3144414766414327,0.31942508114344087,0.0024183004542312567,0.0001,4.562992117821473e-06,0.003773718116653112,0.0004596564479256765,39492,0.3144414766414327
515,0.31853110930090817,0.3197640871276345,0.0023827644947637104,0.0001,4.253106846509172e-06,0.0035698927492462387,0.00045008204134425607,39171,0.31853110930090817
516,0.32004541042412793,0.3200708649039541,0.0023458795932691495,0.0001,4.152869517967983e-06,0.003540564937674969,0.00044881086292882205,38932,0.32004541042412793
517,0.315102898825497,0.320398578303785,0.002343953834614112,0.0001,4.1292338798003495e-06,0.00352330649078688,0.0004476044503934081,39446,0.315102898825497
518,0.32035158385245077,0.3207280051093153,0.0024048067488730046,0.0001,4.223279572638704e-06,0.0035123650369144324,0.0004524367651262982,38962,0.32035158385245077
519,0.32016491099137145,0.32100924080017357,0.0022050947505511728,0.0001,3.848098595357082e-06,0.0034901888858927576,0.000453587249045666,39073,0.32016491099137145
520,0.3188277011351158,0.32136825114347467,0.0025394729296641253,0.0001,4.5883219684487875e-06,0.0036136017949643167,0.0004705027078929484,39143,0.3188277011351158
521,0.3181169711104418,0.32166844040802184,0.0023619321664201734,0.0001,4.394389893809135e-06,0.0037210127846045854,0.00045272037550873683,39264,0.3181169711104418
522,0.32279620470846826,0.3219844213062348,0.002487243329587569,0.0001,4.619196501399345e-06,0.0037143100929857894,0.000457609881196203,38815,0.32279620470846826
523,0.32428522242894564,0.32228814409469836,0.0023119935699416412,0.0001,4.082117329810182e-06,0.003531253185892918,0.0004600561547636449,38816,0.32428522242894564
524,0.31959060846097087,0.32258406870010875,0.0023951589965821073,0.0001,4.325524489070757e-06,0.003611889227598904,0.000450374646765446,39090,0.31959060846097087
525,0.32088942724020386,0.32286820545227357,0.0022687770901308863,0.0001,4.029800800561362e-06,0.003552399059467655,0.0004491542240707656,39012,0.32088942724020386
526,0.3233621608980868,0.3231057430138302,0.0021623384937285574,0.0001,3.906639999605521e-06,0.0036133473190584835,0.0004651233069448672,38618,0.3233621608980868
527,0.32946265372594674,0.32340999197662285,0.00236572506781279,0.0001,4.245674766928279e-06,0.003589322212199053,0.00044754914483056084,38309,0.32946265372594674
528,0.32953433793044484,0.32369352178526617,0.002277985837125317,0.0001,3.878437260270644e-06,0.0034051460698851415,0.0004405069935010535,38346,0.32953433793044484
529,0.3189040974246884,0.323998920761344,0.0023477249480653626,0.0001,4.2347544444901305e-06,0.003607538820064735,0.0004449657491950687,39149,0.3189040974246884
530,0.33022797767880535,0.3242559067829158,0.002231342746444339,0.0001,3.864750021874174e-06,0.0034640577096752023,0.0004578279136026848,38239,0.33022797767880535
531,0.32314455233634976,0.32453744449418725,0.0022678534396919454,0.0001,3.917044632083717e-06,0.0034544072059751714,0.00046549240267293793,38876,0.32314455233634976
532,0.3276174806225445,0.3248199349707997,0.0021987472340056235,0.0001,3.6924422056333914e-06,0.0033586782041395372,0.0004493803933903808,38467,0.3276174806225445
533,0.3286762518423566,0.3250641357016343,0.002107167754231653,0.0001,3.7009129244439743e-06,0.0035126894069176335,0.00045021048584784615,38366,0.3286762518423566
534,0.3238379724695183,0.325281707081287,0.0019508193087833321,0.0001,3.264018622558669e-06,0.0033463054295831624,0.0004393601382543916,38749,0.3238379724695183
535,0.32616024380627434,0.32556273589682094,0.0022256116321066723,0.0001,3.7895989292239694e-06,0.0034054449343768863,0.0004549122020171998,38675,0.32616024380627434
536,0.33132946970712407,0.32582498359588746,0.002248779206702914,0.0001,4.016041717827246e-06,0.003571752803349185,0.0004531549061816643,38069,0.33132946970712407
537,0.32229369902906146,0.3260987435268033,0.002317865115250704,0.0001,4.067864994693886e-06,0.0035100101105356163,0.00044936062578148224,38834,0.32229369902906146
538,0.323599296353683,0.32636916289283674,0.0022213080858971995,0.0001,3.8415727646449305e-06,0.003458838320568482,0.00047032488041713817,38816,0.323599296353683
539,0.32998028209934743,0.32664442572445074,0.0022145486140208452,0.0001,3.876719889615443e-06,0.003501137762405385,0.00045732484805707254,38142,0.32998028209934743
540,0.3255196928894645,0.32695211034841853,0.0022805542909293706,0.0001,3.762906467508258e-06,0.0032999928854794336,0.0004524037691618116,38760,0.3255196928894645
541,0.327748224695233,0.32722459594009523,0.0021305107799098485,0.0001,3.5678687545943055e-06,0.0033493083332300977,0.00044919681897310457,38451,0.327748224695233
542,0.3273194989670438,0.3274862299568078,0.002278560499588032,0.0001,3.9579774726081236e-06,0.003474103473068837,0.00045958174388177717,38444,0.3273194989670438
543,0.33027553115942365,0.32773344811288796,0.002180759639920169,0.0001,3.810510999561837e-06,0.0034946639050063566,0.000451995211458344,38253,0.33027553115942365
544,0.3303644331337803,0.3279896508563075,0.002222232706874941,0.0001,3.8956207075993955e-06,0.0035060420950042523,0.0004596523393955092,38256,0.3303644331337803
545,0.32165237185954043,0.3282319235636664,0.00222973038032958,0.0001,3.991020785388992e-06,0.003579823659934231,0.0004565489716957813,38962,0.32165237185954043
546,0.33105805056636173,0.32848679957107224,0.0022017016021680003,0.0001,3.708844969616515e-06,0.0033690714181835004,0.0004615787713225173,38202,0.33105805056636173
547,0.32737324388582817,0.32869227397805273,0.0020457229692904663,0.0001,3.506758552587175e-06,0.0034283806803063373,0.00045443467718655,38367,0.32737324388582817
548,0.3316993557081144,0.32895636316965743,0.0023289071615775546,0.0001,4.016991166745109e-06,0.003449679088129971,0.00044665037387318733,38213,0.3316993557081144
549,0.32782259311932305,0.32919191139847803,0.002070593669878204,0.0001,3.4586607246377818e-06,0.003340743067992887,0.0004529769562416337,38432,0.32782259311932305
550,0.3342734532829398,0.3294713589629835,0.002269804486416222,0.0001,3.9469288759228755e-06,0.0034777699132621364,0.0004568380908130154,37879,0.3342734532829398
551,0.33496268015628994,0.32970254219851486,0.0022103078948128418,0.0001,3.83508905858571e-06,0.003470185368822064,0.00046451844632076173,37889,0.33496268015628994
552,0.3309124485171975,0.3299869124420286,0.0022773354197390657,0.0001,3.794059619136629e-06,0.0033320165191751566,0.000457341649177794,38158,0.3309124485171975
553,0.329889964337141,0.3302664372366922,0.0023251985595604168,0.0001,3.916973600870886e-06,0.0033691519244802874,0.00046627177625717896,38192,0.329889964337141
554,0.3277471028031538,0.330535997208462,0.0023259469783900566,0.0001,3.9140002379120224e-06,0.0033655111438706687,0.00044589844452552085,38391,0.3277471028031538
555,0.33133720727349036,0.3307390034970929,0.002102148861862214,0.0001,3.576017189591996e-06,0.003402249245492671,0.0004588262235401982,38324,0.33133720727349036
556,0.32940271179433245,0.33094857776374814,0.0021115502128445786,0.0001,3.5005690527397816e-06,0.003315638938108873,0.0004578372383307106,38374,0.32940271179433245
557,0.32942307658026715,0.3311902709078477,0.0021185731629055795,0.0001,3.672774049285383e-06,0.0034672147401775344,0.00044976054469546967,38289,0.32942307658026715
558,0.3271183972296996,0.3314238408425276,0.0023811593772156553,0.0001,4.355378076607437e-06,0.0036581995462229688,0.0004526429292221939,38529,0.3271183972296996
559,0.33194731779352116,0.33163482492240576,0.0020838132707664443,0.0001,3.5060523499174748e-06,0.0033650350529036786,0.00046217155680930487,38098,0.33194731779352116
560,0.32810419920613143,0.3319441719554937,0.0024069829173455322,0.0001,4.039975753411387e-06,0.0033568794562669766,0.0004598423899427277,38510,0.32810419920613143
561,0.3325781218382348,0.3322085789907847,0.0022425889810878817,0.0001,3.774279955710641e-06,0.003366002408412561,0.00046286182833558894,37893,0.3325781218382348
562,0.3263101743170548,0.3325028235062478,0.002337405843921695,0.0001,3.850895227475447e-06,0.0032950163425744016,0.00045028954380912597,38569,0.3263101743170548
563,0.33132319830467594,0.3327911304506197,0.002348690511276508,0.0001,3.8855869937011276e-06,0.0033087262668671656,0.0004607205837667012,38155,0.33132319830467594
564,0.3351611080973695,0.3330574522983554,0.002246385396102689,0.0001,3.7090979702295534e-06,0.0033022810570835807,0.0004515513011719778,37766,0.3351611080973695
565,0.3301250246250741,0.33329276278016673,0.002227823031378062,0.0001,3.60816320001893e-06,0.0032391829595073652,0.0004651819844737167,38171,0.3301250246250741
566,0.336990266357435,0.3335429016468929,0.002312918297178177,0.0001,3.906396838863368e-06,0.0033778943628309547,0.0004623901374683275,37651,0.336990266357435
567,0.3320027468422713,0.333841775166178,0.0024284908119851342,0.0001,4.1995062946065674e-06,0.0034585317546857353,0.00044921494827105367,38084,0.3320027468422713
568,0.33134440783715796,0.33401277109441363,0.001922966881076609,0.0001,3.1070550332427233e-06,0.0032315221482162814,0.00045760139154701305,38247,0.33134440783715796
569,0.33388786974777146,0.3342458829577202,0.0022268233065165727,0.0001,3.6306230241431826e-06,0.0032608092555152742,0.0004471422676279484,37880,0.33388786974777146
570,0.3361304447461717,0.33454306489907376,0.0024461812111763173,0.0001,4.0826697886761356e-06,0.0033379945606833153,0.0004731444831761074,37814,0.3361304447461717
571,0.3323346046882016,0.3347377495363421,0.002089416796005216,0.0001,3.480956319918916e-06,0.0033319884539783563,0.00044160406774209395,37976,0.3323346046882016
572,0.33214023011024635,0.3349965831841214,0.0023036496525272124,0.0001,3.823140391877656e-06,0.003319202976618853,0.00046970075692258313,38063,0.33214023011024635
573,0.3385969748096775,0.33523067178289956,0.002171629242014824,0.0001,3.4548209653797567e-06,0.003181777900701314,0.0004644016926201385,37701,0.3385969748096775
574,0.3387717319816962,0.3354975483744822,0.002323500389299627,0.0001,3.881547599428131e-06,0.0033411206792163667,0.00044966449696642863,37518,0.3387717319816962
575,0.33232424371012254,0.33575658778928924,0.0023074703323832917,0.0001,3.8130553084928902e-06,0.003304965836379392,0.0004735175264118274,38061,0.33232424371012254
576,0.34638555568092605,0.33600890999570643,0.0022779148465070006,0.0001,3.7157247011790704e-06,0.0032623912231634425,0.00045424577167153953,36892,0.34638555568092605
577,0.3343684479110377,0.33618074854683544,0.0020397036502276724,0.0001,3.4754965590000656e-06,0.0034078446235188426,0.0004659757960971373,37912,0.3343684479110377
578,0.3309169654965975,0.33643813896722546,0.002330798240787532,0.0001,3.893670584937537e-06,0.003341061887554832,0.00045769661667092895,38267,0.3309169654965975
579,0.33848501599714886,0.3366999186673945,0.002376855676121099,0.0001,4.107819767597457e-06,0.0034565159415158087,0.0004755234907969593,37467,0.33848501599714886
580,0.3352678383818339,0.3369154568256365,0.0021776530288866694,0.0001,3.492867692012998e-06,0.003207919393659086,0.00045125390764985364,37833,0.3352678383818339
581,0.3371062048013475,0.3371796124372027,0.0022339420296655756,0.0001,3.5170929129235063e-06,0.003148777243293122,0.00046719916429490777,37690,0.3371062048013475
582,0.337588341789901,0.33742916144432905,0.002243285822514374,0.0001,3.6555378244184063e-06,0.00325909234367747,0.0004788901289925656,37615,0.337588341789901
583,0.33425516088221713,0.337668663604478,0.0020318065820825876,0.0001,3.0544690088398153e-06,0.0030066533259371633,0.00046156776545587086,37987,0.33425516088221713
584,0.34220592801292876,0.3379262769945823,0.0022375574669261603,0.0001,3.5529568694687085e-06,0.003175745804955414,0.0004601655740321053,37268,0.34220592801292876
585,0.3397799189746896,0.33814667981561514,0.0021471736766461276,0.0001,3.429588103628991e-06,0.0031945139239840043,0.0004616097507162658,37594,0.3397799189746896
586,0.3356761207909207,0.33838886061656925,0.0023565505951342225,0.0001,3.950579213031049e-06,0.003352849050801758,0.00047198206961119877,37707,0.3356761207909207
587,0.3366057378253061,0.3386135417084663,0.0022804188355551986,0.0001,3.696223262272916e-06,0.0032417056065694354,0.00046657732409221815,37623,0.3366057378253061
588,0.34109359239112014,0.33884397040358283,0.002166590192461471,0.0001,3.4923899165542557e-06,0.003223858326974644,0.0004462427403011273,37316,0.34109359239112014
589,0.3390079067334726,0.3390733274364103,0.0023616601875210146,0.0001,4.082344563038375e-06,0.0034571820151005944,0.0004709167673246156,37563,0.3390079067334726
590,0.3388309233627863,0.33932407577838114,0.002229894125465041,0.0001,3.488450857845095e-06,0.0031288040252741454,0.00047989957140514726,37698,0.3388309233627863
591,0.3428004738216634,0.3395287993674176,0.002139169090248924,0.0001,3.4321098900328854e-06,0.0032088252449772527,0.0004510193195480819,37232,0.3428004738216634
592,0.337289836349315,0.33977222071354735,0.0022773550991359542,0.0001,3.6771358237002044e-06,0.003229303875443349,0.0004566212122474213,37594,0.337289836349315
593,0.34315061359562504,0.339997411608876,0.0021639194817665965,0.0001,3.485472234477885e-06,0.0032214435554065893,0.0004670558082115684,37229,0.34315061359562504
594,0.34105777132260895,0.3402180909960674,0.00220506585639321,0.0001,3.5546352874416434e-06,0.0032240626982959165,0.0004696940561080253,37299,0.34105777132260895
595,0.33821516703350896,0.340455684964982,0.002167391201599493,0.0001,3.619692047749417e-06,0.0033401372535591667,0.00047689508461336484,37624,0.33821516703350896
596,0.33718286810751813,0.3406678567286842,0.0021383156144604938,0.0001,3.3886997378961067e-06,0.0031695038047515637,0.0004692687011570494,37734,0.33718286810751813
597,0.340805409316594,0.3408628750624774,0.002116672528780264,0.0001,3.384555525969229e-06,0.003197996364529362,0.0004628680717777081,37396,0.340805409316594
598,0.342107888748855,0.3411187453614557,0.002237136703947841,0.0001,3.410653519138386e-06,0.0030491239208758755,0.00047589963007308,37203,0.342107888748855
599,0.34432680644646074,0.34130412434201596,0.002101107187126636,0.0001,3.337863560254818e-06,0.0031772425326092053,0.0004707822723560605,37004,0.34432680644646074
600,0.3414162392547153,0.3415224515544972,0.0021390187839268053,0.0001,3.248790058063315e-06,0.003037645188041962,0.0004574893528620038,37128,0.3414162392547153
601,0.34470769768294907,0.34176983789221627,0.0022897149760728367,0.0001,3.5985137397861697e-06,0.0031431979765080597,0.0004666660362202771,37068,0.34470769768294907
602,0.3386286839242566,0.34198322878202586,0.0021221263890275504,0.0001,3.2655566574132393e-06,0.0030776269258021506,0.0004560974646870827,37500,0.3386286839242566
603,0.34201315723514153,0.34211876114221795,0.0019777799872614404,0.0001,3.13167489686081e-06,0.003166858717381528,0.00045226808851325936,37344,0.34201315723514153
604,0.34187203424798696,0.342328917585144,0.002123384061910658,0.0001,3.2039390477589862e-06,0.003017766879983102,0.00047926818760131077,37264,0.34187203424798696
605,0.34539076385468215,0.34257242153890427,0.002196229215111005,0.0001,3.2946277585792565e-06,0.003000258566738659,0.00047032736063855037,36921,0.34539076385468215
606,0.3421965974843979,0.3427930039026613,0.0021757657341457495,0.0001,3.3740826068794894e-06,0.003101512772195784,0.0004660272949875856,37216,0.3421965974843979
607,0.34322209310260987,0.3430377769497261,0.0022268402778993853,0.0001,3.347262316091086e-06,0.0030062886407359332,0.00048049322304160696,36944,0.34322209310260987
608,0.33839992306950134,0.34325327745365036,0.0021560569732774746,0.0001,3.3127781937974966e-06,0.0030729968965167572,0.00045362993737494783,37428,0.33839992306950134
609,0.3395660112295248,0.3434527234252523,0.0022361902744328617,0.0001,3.5820965384089334e-06,0.0032037493225547786,0.0004650178342743077,37458,0.3395660112295248
610,0.3419701930772714,0.34370402018033747,0.0023508710989286357,0.0001,3.884023070475754e-06,0.0033043267002140805,0.00046346029337810123,37216,0.3419701930772714
611,0.3469261225696856,0.3438550054860489,0.00204540955523682,0.0001,3.3251740295419046e-06,0.0032513527875417726,0.000458248891170636,36772,0.3469261225696856
612,0.3407671115574045,0.34403342060868913,0.0021573907517124995,0.0001,3.400177288523943e-06,0.0031521200188931384,0.00048019351767241146,37253,0.3407671115574045
613,0.3477225989598306,0.3442710289306501,0.0023118858818008017,0.0001,3.7331050190556835e-06,0.0032294890058741548,0.0004692094792219171,36765,0.3477225989598306
614,0.34361661142795674,0.34445896935398623,0.002102525331448132,0.0001,3.284576791964448e-06,0.0031244111477146085,0.00046082562350536257,36929,0.34361661142795674
615,0.3452578879581051,0.34466088352996693,0.002068842255160305,0.0001,3.200867896538188e-06,0.0030943566514597975,0.0004698139097083818,36866,0.3452578879581051
616,0.34207107683082405,0.344856040009343,0.0020318635219239854,0.0001,3.0237870335090097e-06,0.002976368246077635,0.000468242717438574,37216,0.34207107683082405
617,0.33959510698275786,0.3450400392188553,0.0021682728264027376,0.0001,3.3920204832140174e-06,0.003128776454613908,0.00046587719273006494,37448,0.33959510698275786
618,0.3423962148822288,0.3452505173382597,0.0020929346026071567,0.0001,3.1971432663317014e-06,0.0030551774167707274,0.0004692813712781623,37202,0.3423962148822288
619,0.3465402420540536,0.34544977376009295,0.0022532590321927134,0.0001,3.59807374481934e-06,0.003193661885662517,0.00046172900461801183,36935,0.3465402420540536
620,0.34619689858834857,0.3455951332604012,0.0018664459452971424,0.0001,2.803762638638838e-06,0.0030043866480070746,0.00046850510712723783,36894,0.34619689858834857
621,0.3400934333518666,0.3457568274000686,0.0020324446851473087,0.0001,3.1435517470262756e-06,0.0030933700385537785,0.0004628473938057406,37420,0.3400934333518666
622,0.3470892171344231,0.3459839379673441,0.0022186149565733763,0.0001,3.3214903473059056e-06,0.0029942017090121005,0.0004677604614705085,36920,0.3470892171344231
623,0.3485037450615916,0.3461504520738152,0.0021562581643858668,0.0001,3.332627218471378e-06,0.0030911207883315387,0.0004816378320630496,36623,0.3485037450615916
624,0.3463001587647483,0.3463377943349475,0.0021595387810541063,0.0001,3.4535423755966e-06,0.003198407369105795,0.00047507241869283983,36700,0.3463001587647483
625,0.34730441417582913,0.3465467181554597,0.0023030877213082966,0.0001,3.648977098666503e-06,0.003168769530492445,0.0004800512881899327,36935,0.34730441417582913
626,0.34681382962637797,0.34680628537470237,0.002385402184810102,0.0001,3.687711113672516e-06,0.0030918988312791276,0.000470054587872665,36818,0.34681382962637797
627,0.34813663231490155,0.34699330546013496,0.001998273589742902,0.0001,2.8526009169573437e-06,0.002855065424073746,0.00044855755704484534,36664,0.34813663231490155
628,0.3465204923290927,0.3471989090193243,0.0021586636454180206,0.0001,3.243009965664797e-06,0.003004645927630652,0.0004625743465871389,36859,0.3465204923290927
629,0.34768022214553734,0.3474564131371156,0.002386850354015869,0.0001,3.6308187825176623e-06,0.003042351420489198,0.0004672523054633027,36772,0.34768022214553734
630,0.3530169403482879,0.3475833328816584,0.001985402705264527,0.0001,3.2396186376961413e-06,0.0032634373158713986,0.000458766772783315,36320,0.3530169403482879
631,0.3484143689914121,0.3477879817225301,0.002230921428565731,0.0001,3.479096714373619e-06,0.0031189773604983883,0.0004592135866129722,36678,0.3484143689914121
632,0.3434707987393414,0.347987347595819,0.0020833168757508325,0.0001,3.1242637291372824e-06,0.0029993168734941387,0.0004673901160133321,37102,0.3434707987393414
633,0.3427011832340295,0.34819190872073663,0.002237359889996406,0.0001,3.5392934191848e-06,0.003163812344191515,0.0004686868481018852,37175,0.3427011832340295
634,0.34893830242913937,0.3483518639851545,0.001927605551974645,0.0001,2.8187621741360003e-06,0.0029246254984568306,0.00046011708286365383,36790,0.34893830242913937
635,0.35278382124064944,0.3484789690090693,0.0018901810165524204,0.0001,2.750608863257189e-06,0.002910418461692245,0.0004549299235173867,36333,0.35278382124064944
636,0.34759163582038605,0.34870120626501455,0.002305498785249867,0.0001,3.591809260963746e-06,0.0031158630695825506,0.00047176194402309007,36701,0.34759163582038605
637,0.35068715003575,0.34888914798521337,0.0021041606128205143,0.0001,3.2406020133561443e-06,0.003080185033035374,0.00046790814187717977,36555,0.35068715003575
638,0.35034675926694014,0.34904732349737433,0.0019195188522164507,0.0001,2.6796068432599896e-06,0.0027919567866352257,0.0004582809164593832,36578,0.35034675926694014
639,0.348005832827346,0.34924015547398485,0.0021499719281092614,0.0001,3.1424734321980615e-06,0.002923269267949587,0.0004643358098839889,36709,0.348005832827346
640,0.347143457692938,0.34944977684078504,0.0021498589294542195,0.0001,3.2024680520078245e-06,0.0029792355285570577,0.0004592294448480325,36851,0.347143457692938
641,0.3490171553167854,0.3496126597043578,0.0020551513511392395,0.0001,3.202546735383699e-06,0.0031166042672316273,0.00046939762049642044,36620,0.3490171553167854
642,0.35034157560935014,0.34982244844901894,0.002077871998396485,0.0001,3.046916853880881e-06,0.0029327281528719927,0.0004686280106037161,36415,0.35034157560935014
643,0.3509204564774018,0.3499892573445629,0.0020175594782342572,0.0001,2.9056582334389236e-06,0.0028803693420547073,0.0004606869594735849,36459,0.3509204564774018
644,0.351463387872307,0.3501747629743358,0.0020909687394007454,0.0001,3.096189205496265e-06,0.0029614877995580236,0.0004636217394018722,36472,0.351463387872307
645,0.3506686109391929,0.35035245899956224,0.0020736729496285953,0.0001,3.0185949106799686e-06,0.0029113510027901105,0.000469073223093393,36570,0.3506686109391929
646,0.34382870772541596,0.3505479492448875,0.002105200911489837,0.0001,3.130397950648197e-06,0.0029739659844939307,0.00046532757495385875,37092,0.34382870772541596
647,0.34688158193541785,0.35071354480600125,0.0019848815269010427,0.0001,2.8870042124768606e-06,0.002908993986139096,0.0004638156028976506,36832,0.34688158193541785
648,0.35103110334357973,0.3509023920092586,0.0021567138855978843,0.0001,3.272536809949677e-06,0.0030347435807809653,0.00045467873598797236,36368,0.35103110334357973
649,0.3498628578205609,0.3510706963439524,0.0019972289923737797,0.0001,2.9743316748555816e-06,0.002978458340243177,0.00045987054284895863,36493,0.3498628578205609
650,0.3503371083161253,0.3512645321708887,0.002154406697008123,0.0001,3.176879312557789e-06,0.002949191828051406,0.0004794493168440594,36437,0.3503371083161253
651,0.34978456351060694,0.35145391514514646,0.002169836293669516,0.0001,3.195815637954254e-06,0.0029456744246356527,0.000470498894442096,36709,0.34978456351060694
652,0.3545559056583216,0.35165213366225734,0.00213917881026857,0.0001,3.1002248392173266e-06,0.0028985186505546016,0.00046553196341408303,36039,0.3545559056583216
653,0.3523297492496366,0.351846018889276,0.0021446068135464293,0.0001,3.2101176225232954e-06,0.002993665414328218,0.0004624736945837881,36457,0.3523297492496366
654,0.3506266780250743,0.3519657908719095,0.0019746087027573797,0.0001,3.077966189331012e-06,0.0031175454509370726,0.000475160510961061,36534,0.3506266780250743
655,0.3476482280726796,0.3521119087720405,0.002057092028762603,0.0001,3.1147557814327896e-06,0.0030283096117059973,0.0004660606038183144,36743,0.3476482280726796
656,0.35241229704302457,0.3522827930383711,0.002059679190737525,0.0001,3.0581401857905333e-06,0.002969530594417941,0.0004642665748801583,36476,0.35241229704302457
657,0.34928410249156594,0.35248670111259756,0.0022451555704500895,0.0001,3.3960730035068327e-06,0.0030252451529013792,0.00045238754186947773,36704,0.34928410249156594
658,0.34958296107135967,0.3526616912298786,0.001972863485245965,0.0001,2.738451979234091e-06,0.0027761190773853035,0.00047699082719017405,36449,0.34958296107135967
659,0.35427566314861,0.35284377517052057,0.002099659484359694,0.0001,3.127942510175681e-06,0.0029794759897741876,0.0004595038801071524,36292,0.35427566314861
660,0.3573831346357256,0.35303117576077647,0.0022346636138905135,0.0001,3.373077455154272e-06,0.0030188681949152945,0.0004654778710235209,35961,0.3573831346357256
661,0.3498659115598609,0.3532350648333308,0.0022174273995367155,0.0001,3.333137827856104e-06,0.0030063106720449946,0.0004634213019677394,36573,0.3498659115598609
662,0.35540360592069353,0.353374446238802,0.002104902691506321,0.0001,3.1693290217712286e-06,0.0030113781834761938,0.0004654886901770088,36298,0.35540360592069353
663,0.35247271650149403,0.35359503684979343,0.0022320309762921733,0.0001,3.184562506571244e-06,0.0028535110313400803,0.0004706062754856905,36313,0.35247271650149403
664,0.35421415542677126,0.35376834045497924,0.0021405003139329895,0.0001,3.0640291966221764e-06,0.0028629093643927385,0.00047340413375218985,36151,0.35421415542677126
665,0.35247984674821536,0.3539576725851435,0.0021472885199904754,0.0001,3.1641015018624987e-06,0.0029470669380531438,0.0004667835368102706,36525,0.35247984674821536
666,0.35472909190450896,0.35412009309554754,0.002079510589293621,0.0001,3.134915589382384e-06,0.0030150513351771564,0.0004633460999634969,36237,0.35472909190450896
667,0.35272407371097503,0.3543250931833537,0.002304004082036109,0.0001,3.5668116883382384e-06,0.003096185216118327,0.00047634574258812617,36255,0.35272407371097503
668,0.356639339524953,0.3544740232934207,0.0019084565214183933,0.0001,2.7200894078733374e-06,0.002850564712736265,0.0004690675946444311,35939,0.356639339524953
669,0.3520727991725695,0.3546384044002611,0.0021939251382598335,0.0001,3.5009512701524834e-06,0.003191495652335111,0.00047596253535894155,36344,0.3520727991725695
670,0.35331435171626857,0.354813055352655,0.0021294825043720626,0.0001,3.0558085610656307e-06,0.00287000109631492,0.00046676273611763106,36279,0.35331435171626857
671,0.3560381534433655,0.35495540184232194,0.0018821871388422175,0.0001,2.7483034576929006e-06,0.0029203296537064364,0.0004611301503894936,36148,0.3560381534433655
672,0.35417427978895977,0.3551266382910895,0.0019879856607718485,0.0001,2.733290190520502e-06,0.0027498087581369016,0.00046772169325431874,36173,0.35417427978895977
673,0.3521756040069018,0.3552524936118192,0.0020620989014999928,0.0001,3.0883635102713147e-06,0.0029953592507370097,0.00045759560366914764,36321,0.3521756040069018
674,0.35174557914652393,0.35542420516224293,0.002075938083238433,0.0001,2.974504105223716e-06,0.0028656963608312755,0.00046446047573245146,36457,0.35174557914652393
675,0.3562612949535384,0.35551830163079656,0.0018767731165349668,0.0001,2.7313424960386107e-06,0.0029106794763571753,0.00047802430110396534,35885,0.3562612949535384
676,0.3579912025164879,0.35569106893478464,0.002074804031060591,0.0001,2.8996813767044016e-06,0.0027951375968959845,0.00045130664348780433,35982,0.3579912025164879
677,0.3566026529109312,0.35587023332282003,0.0022147238212324913,0.0001,3.402516102554467e-06,0.0030726324157754085,0.0004813244184077378,36033,0.3566026529109312
678,0.3566553343307671,0.3560690439112862,0.0022218986417162495,0.0001,3.25431952552773e-06,0.00292931411399938,0.0004718498838094186,36131,0.3566553343307671
679,0.3605649607538486,0.3561840279243332,0.002005978506057581,0.0001,3.0260453985928304e-06,0.00301702674226557,0.00046519290875633083,35669,0.3605649607538486
680,0.3554826087811933,0.3562880995823016,0.0018819504518918354,0.0001,2.6327256286135445e-06,0.0027978692276058484,0.0004623211759329283,36046,0.3554826087811933
681,0.3515811527260079,0.3564281447676924,0.0020001088386113787,0.0001,3.004363430222285e-06,0.003004199943747194,0.0004718009042243591,36457,0.3515811527260079
682,0.3559386086466936,0.356622584819927,0.002335528001091462,0.0001,3.522155427652555e-06,0.0030161534573822676,0.000479764907645334,36125,0.3559386086466936
683,0.35793265918660144,0.35681168125452295,0.0021666413562683607,0.0001,3.0051656217761856e-06,0.0027740314409506403,0.00046355880368943476,35911,0.35793265918660144
684,0.35671480185746873,0.3569762645563783,0.0020259162563467836,0.0001,2.8870040857784452e-06,0.002850072481262785,0.00047262969306197274,35954,0.35671480185746873
685,0.35661375132359185,0.3571176643623157,0.0020560748514570223,0.0001,2.996584271713307e-06,0.0029148591254737634,0.00046885075040412223,35959,0.35661375132359185
686,0.3584963041302446,0.3572527989772551,0.0020744817701304503,0.0001,3.079955321002781e-06,0.0029693732336911333,0.00046905224944401316,35823,0.3584963041302446
687,0.3544611270432223,0.3573857472100817,0.0018169508015161524,0.0001,2.3869844891313745e-06,0.0026274618851975058,0.00045663631318173603,36163,0.3544611270432223
688,0.3568951492062117,0.357544916570218,0.0020485505823754765,0.0001,3.0220593040014438e-06,0.0029504365964906727,0.00046315994782691373,35962,0.3568951492062117
689,0.35716354308541437,0.35773987995832673,0.00217314746479447,0.0001,2.967347117245634e-06,0.0027309210859524234,0.0004496720319093553,35958,0.35716354308541437
690,0.3581525489181013,0.35790939576367675,0.002182766858454058,0.0001,3.169408198845956e-06,0.002904028148100696,0.0004831644127459232,35993,0.3581525489181013
691,0.35522384633762893,0.3580960030447663,0.002171901487575318,0.0001,3.061918442965626e-06,0.002819573963627522,0.0004593319875911536,36081,0.35522384633762893
692,0.3586884576468996,0.3582631392974965,0.0019750303436839745,0.0001,2.698631675372945e-06,0.002732749584332213,0.0004650533494140803,35892,0.3586884576468996
693,0.3629399466856935,0.3584156208240837,0.0020777993770481383,0.0001,2.9165507375589825e-06,0.002807345858099572,0.00046542430355770917,35561,0.3629399466856935
694,0.3609737114746016,0.3585770481031449,0.0021434005588502367,0.0001,3.1198138948440852e-06,0.0029110880670084518,0.0004929866027025139,35666,0.3609737114746016
695,0.35396974873959797,0.3587329026609662,0.0020643163610994707,0.0001,2.928049827051106e-06,0.0028368227682811224,0.00045459558196995413,36236,0.35396974873959797
696,0.36316139401470715,0.3589076849073483,0.0020692395673409638,0.0001,2.8270497803908747e-06,0.0027324528537057895,0.00046441597786469864,35483,0.36316139401470715
697,0.3639148024939999,0.3590716955352909,0.002130921707549363,0.0001,3.04675722545954e-06,0.002859567495760716,0.00046143847375897963,35279,0.3639148024939999
698,0.35656716861381194,0.35922099251973183,0.0020717190930586117,0.0001,2.992061844153647e-06,0.002888482182916289,0.0004896917549388872,35950,0.35656716861381194
699,0.3588379101461211,0.35937419647427,0.0021854385341051846,0.0001,3.315165010641617e-06,0.003033867078763661,0.0004780727619062574,35836,0.3588379101461211
700,0.36192686784341144,0.35954083238199636,0.0021850879853543615,0.0001,3.186916463225175e-06,0.002916968547340526,0.0004921124110127291,35670,0.36192686784341144
701,0.36101044876558663,0.35971028049837384,0.002128248416103112,0.0001,3.0630106137740026e-06,0.0028784333544882596,0.00047777915424930995,35617,0.36101044876558663
702,0.356656288553724,0.3598631100895321,0.0020389298064700033,0.0001,2.847268918486138e-06,0.002792905287323855,0.0004643665198615481,35973,0.356656288553724
703,0.362686476104191,0.36007829839360994,0.0022964875673026756,0.0001,3.2604350878254404e-06,0.0028394972690010804,0.0004957209568277122,35490,0.362686476104191
704,0.3576668825444527,0.3602286935016884,0.0020823878338209604,0.0001,2.8861858874381525e-06,0.002771996494180728,0.00047011563084284374,35845,0.3576668825444527
705,0.3584661131474493,0.36039261191845745,0.002029451735821788,0.0001,2.827074933021101e-06,0.0027860479587865934,0.00047084007025631936,35878,0.3584661131474493
706,0.35771024048088024,0.3605593308945601,0.002021197045890631,0.0001,2.637574078871946e-06,0.0026099128575657613,0.00047665077815050325,35925,0.35771024048088024
707,0.35976776258059956,0.36072152047359257,0.0021027543719541976,0.0001,2.878890012322401e-06,0.002738208561798781,0.00047687972456463413,35550,0.35976776258059956
708,0.36394115642848646,0.3608543834793855,0.0020153900746820077,0.0001,2.722753238983211e-06,0.002701961544008112,0.00045470211400164425,35352,0.36394115642848646
709,0.3623162431238669,0.3610175653339298,0.0021829071115113145,0.0001,3.1303313478751606e-06,0.0028680389846803024,0.0004751822180776691,35538,0.3623162431238669
710,0.35639594409681985,0.3611303738798497,0.0018522822834951447,0.0001,2.4336901518652573e-06,0.00262777458225539,0.00046572957255149066,36060,0.35639594409681985
711,0.3569079463464334,0.36125922858123505,0.0020360697742723036,0.0001,3.062073163990863e-06,0.0030078273374351877,0.000471746619289721,35917,0.3569079463464334
712,0.36059915908911105,0.36141330479643546,0.0020806896375144927,0.0001,2.912204433823795e-06,0.0027992684553402166,0.0004655243544975847,35767,0.36059915908911105
713,0.36199526831216294,0.3615792851961264,0.0021646715247974633,0.0001,3.1234091796421437e-06,0.0028858042838017972,0.0004595949435842034,35560,0.36199526831216294
714,0.3598695249188396,0.36174791150125796,0.002058353499435854,0.0001,2.7709732176761224e-06,0.002692417233906208,0.00048370679402919974,35785,0.3598695249188396
715,0.3620034425068316,0.3618857826964199,0.0020430250595891634,0.0001,2.872427559688657e-06,0.0028119357089690126,0.0004813137397024217,35656,0.3620034425068316
716,0.359690608169033,0.3620618381278077,0.002175107635715567,0.0001,2.9838904287603988e-06,0.0027436715128617145,0.0004673868785817888,35698,0.359690608169033
717,0.3631531369689712,0.362189378278961,0.0019323901827625377,0.0001,2.6690504823763204e-06,0.002762434322203661,0.0004714451261056833,35536,0.3631531369689712
718,0.3663184537168597,0.3623166242112633,0.0020025055442201454,0.0001,2.7358388799777693e-06,0.0027324157856883375,0.0004648591495785869,35307,0.3663184537168597
719,0.363721704026049,0.3624744080495904,0.002124454831534862,0.0001,2.955865014835766e-06,0.002782704504666011,0.0004659025817121453,35379,0.363721704026049
720,0.3621029252642562,0.3625805875461261,0.0018654322741908176,0.0001,2.4382120540558103e-06,0.0026140987135150227,0.000476007202983349,35510,0.3621029252642562
721,0.361106638092725,0.3627447280940354,0.002198420844582097,0.0001,3.1433268110415376e-06,0.002859622459264901,0.0004919445778706803,35653,0.361106638092725
722,0.35729800644464427,0.3628967126358072,0.0020727122208601843,0.0001,2.902670978424968e-06,0.0028008432132660913,0.0004653505927950994,35898,0.35729800644464427
723,0.36404507373949946,0.36301544002011094,0.0018591055359198515,0.0001,2.451658764206982e-06,0.0026374605602945992,0.000461452841529188,35433,0.36404507373949946
724,0.37059356242473307,0.3631381922748682,0.002023444186188311,0.0001,2.7706271200603366e-06,0.0027385258649308642,0.0004713146623485481,34737,0.37059356242473307
725,0.3616702458287169,0.36324513160810484,0.001861950336542235,0.0001,2.497960557769708e-06,0.0026831656126860893,0.0004716950909628095,35565,0.3616702458287169
726,0.36647485802086893,0.3633547832607334,0.0017755842618155224,0.0001,2.336857581053273e-06,0.002632212541311728,0.00046688549192584544,35115,0.36647485802086893
727,0.3618048391238303,0.36351352508523765,0.0021478282304477243,0.0001,2.9755275747281176e-06,0.0027707314137572873,0.0004827145571612528,35597,0.3618048391238303
728,0.36398700258812033,0.3637087304694182,0.0022198045797845595,0.0001,2.9757467546337396e-06,0.0026810889406512954,0.00046740045483933664,35316,0.36398700258812033
729,0.36051622925666615,0.363867397692727,0.0020592545370479286,0.0001,2.7840709572174598e-06,0.0027039600079828883,0.0004724893553243756,35607,0.36051622925666615
730,0.36315168682097954,0.36401612750625034,0.002009792596512982,0.0001,2.7225365349174137e-06,0.0027092711353808854,0.00047185541728581536,35403,0.36315168682097954
731,0.3662304357549494,0.36419938024658866,0.0022792493443053187,0.0001,3.1732118703438382e-06,0.0027844359181430287,0.0004718919724765419,35148,0.3662304357549494
732,0.3625885020371559,0.3643428244253176,0.002155440033593123,0.0001,3.0737321894805854e-06,0.0028520693144560997,0.00047082851379038026,35573,0.3625885020371559
733,0.365607468609394,0.3644687725955338,0.0019801877348732165,0.0001,2.714861617652996e-06,0.002742024475600357,0.00047561646445027966,35313,0.365607468609394
734,0.366757123756545,0.364596244779703,0.0020280087361142967,0.0001,2.7233282073744116e-06,0.002685716445770702,0.0004833898424323884,35041,0.366757123756545
735,0.3665760711877179,0.3647152603488878,0.001996792412060904,0.0001,2.6840080970997255e-06,0.002688319607875053,0.00045912872412406204,35132,0.3665760711877179
736,0.36424433776269216,0.3648582045865616,0.0020601630044136056,0.0001,2.877890976189495e-06,0.0027938478363353026,0.0004651795887017779,35344,0.36424433776269216
737,0.3618769801669805,0.36497794962205116,0.0020147025226939026,0.0001,2.772486231350288e-06,0.002752253695144171,0.0004810413412880804,35491,0.3618769801669805
738,0.36906925454914896,0.3651258160035128,0.0020991984995894254,0.0001,2.9348374993570418e-06,0.0027961505307202306,0.0004669916152928544,34952,0.36906925454914896
739,0.36295111640640954,0.3652771658304022,0.0020495743935368357,0.0001,2.7453095602187244e-06,0.0026789069661250966,0.0004748636529387897,35422,0.36295111640640954
740,0.3627863559772396,0.3654424857602973,0.0021801583466025407,0.0001,2.921883623592917e-06,0.002680432481563779,0.000486516302136377,35564,0.3627863559772396
741,0.3654586823283176,0.36560273112694364,0.0021434574668374494,0.0001,2.9118641798710127e-06,0.0027169787363845424,0.00047855893876655334,35187,0.3654586823283176
742,0.36905083322935484,0.36573301944351566,0.0020082875389291505,0.0001,2.7499346454114737e-06,0.0027385865739900776,0.0004556806712330163,34902,0.36905083322935484
743,0.36384015705642314,0.3659012804284427,0.002218676417527379,0.0001,3.0974750305363407e-06,0.002792182768128347,0.00047651093943978435,35341,0.36384015705642314
744,0.3681016303625426,0.36602655628253755,0.002140797823303984,0.0001,3.0579758122625325e-06,0.002856856242074301,0.0004685420437364475,34997,0.3681016303625426
745,0.3618374829976416,0.36615599538033916,0.0018950235509963278,0.0001,2.513064622967233e-06,0.002652277985300989,0.00048390394804867314,35545,0.3618374829976416
746,0.3704015467143661,0.36630467052730764,0.00213331345517249,0.0001,2.917722578844362e-06,0.0027353904057277403,0.0004626547997386242,34864,0.3704015467143661
747,0.36610946135350886,0.36638403390668534,0.0018433073946672125,0.0001,2.4769901386378435e-06,0.0026875497226386755,0.00048212848003262006,35294,0.36610946135350886
748,0.36868423359320407,0.3665078068039751,0.0018821489560770567,0.0001,2.4591260369908683e-06,0.0026131045888274423,0.0004713023607742952,34970,0.36868423359320407
749,0.3648637010016703,0.36665285551846977,0.00207786101354561,0.0001,2.7542698594075013e-06,0.00265106264707059,0.00046950726224485385,35212,0.3648637010016703
750,0.36597141622303453,0.36683214355498184,0.0021075690336296517,0.0001,2.64630970393426e-06,0.002511243676205272,0.00046275712927058003,35149,0.36597141622303453
751,0.3671052403006143,0.3669919776659996,0.0020572140696385566,0.0001,2.700361445855468e-06,0.0026252605265624195,0.00048427124863200196,35126,0.3671052403006143
752,0.3681081707204953,0.3671602989882958,0.00214178250287675,0.0001,2.802770116916972e-06,0.0026172313137794454,0.00046678082637015126,35080,0.3681081707204953
753,0.3703540778983456,0.36727333998572503,0.0018792099411911501,0.0001,2.386138967753642e-06,0.0025395129255661253,0.0004609693036808469,34861,0.3703540778983456
754,0.366934286295585,0.3674026775353831,0.002041928224523349,0.0001,2.78274600250995e-06,0.00272560609044868,0.0004815274908130247,35132,0.366934286295585
755,0.36746481574019824,0.36754954250285843,0.0020471982158120046,0.0001,2.7285229971514233e-06,0.0026656168182221454,0.00047158532618691917,35144,0.36746481574019824
756,0.3721798545091285,0.36764994729965705,0.0016958817453563975,0.0001,1.9951173292641733e-06,0.002352896756778155,0.0004634669940325866,34688,0.3721798545091285
757,0.3670576684785154,0.36779385515686375,0.002087487862679935,0.0001,2.7786649261829458e-06,0.002662209420097582,0.0004580748699936504,35202,0.3670576684785154
758,0.3710497166818332,0.36788525279771545,0.0018931129954148944,0.0001,2.6079240094008243e-06,0.002755169940428487,0.00046778911518889605,34768,0.3710497166818332
759,0.37217337852597787,0.368007215475622,0.0018885935520638279,0.0001,2.3434135064715614e-06,0.0024816493775600503,0.0004665947310239809,34710,0.37217337852597787
760,0.3681986081093061,0.36815202034588185,0.001991906152464594,0.0001,2.6838226965939317e-06,0.002694728055609675,0.00046885496917527085,35139,0.3681986081093061
761,0.3705187885371105,0.36829652621287534,0.0020135009797828643,0.0001,2.518077103598511e-06,0.002501192826705314,0.0004760783622449266,34924,0.3705187885371105
762,0.370749058250919,0.36841947809050324,0.0019913212811055606,0.0001,2.5845118056089806e-06,0.0025957758098925014,0.0004683178005614889,34951,0.370749058250919
763,0.36966748217797535,0.36855771654552216,0.0020225255930888383,0.0001,2.647710620740688e-06,0.0026182221177207016,0.0004692288888192107,34936,0.36966748217797535
764,0.3694625974690249,0.3687216625276619,0.0021911661176148363,0.0001,2.8525932899329e-06,0.002603721613802655,0.0004769155429162515,34907,0.3694625974690249
765,0.37082980144620464,0.3688530598464061,0.0019933214163361124,0.0001,2.579134361345153e-06,0.002587775699601735,0.0004815045603026149,34820,0.37082980144620464
766,0.36821730307661293,0.36901410804884505,0.002173453179054114,0.0001,2.8778344029424816e-06,0.0026481678378688727,0.0004815124311896151,35079,0.36821730307661293
767,0.37118585634249257,0.36914191251279355,0.0020303090769394987,0.0001,2.689946402625484e-06,0.0026497900572658895,0.0004645303310787203,34739,0.37118585634249257
768,0.36622034256040337,0.369229488791018,0.0019084634885984438,0.0001,2.477704411479252e-06,0.0025965436868785508,0.00046684545168074784,35244,0.36622034256040337
769,0.36729889383577574,0.3693523229646,0.0021298125319762005,0.0001,2.8890336218565782e-06,0.0027129464011331687,0.00048762919523073485,35144,0.36729889383577574
770,0.3760507372406706,0.36945450711435873,0.001812718772571849,0.0001,2.25754218383038e-06,0.0024907803879886167,0.00046624557727104206,34419,0.3760507372406706
771,0.37017420667602524,0.3695860070478896,0.0020292738707545113,0.0001,2.645238017677542e-06,0.0026070783799073973,0.00047361065509142535,34919,0.37017420667602524
772,0.3711300139044028,0.36969977006614935,0.0019998312583900165,0.0001,2.758665519844924e-06,0.002758898290314569,0.0004632891587549639,34832,0.3711300139044028
773,0.3688463499850537,0.36983368491994834,0.0019408258107676273,0.0001,2.384914262838877e-06,0.0024576283452203323,0.00048579948886924324,35027,0.3688463499850537
774,0.371592747788412,0.369945773006612,0.002011480879042043,0.0001,2.671127386768376e-06,0.0026558814598729723,0.0004641292630426098,34865,0.371592747788412
775,0.3698457851764804,0.37010177417641393,0.0019921535202916912,0.0001,2.3029201018222187e-06,0.0023119905954687913,0.0004416884648387083,34848,0.3698457851764804
776,0.37510196800030626,0.3702505071421336,0.002064692227219705,0.0001,2.556765191589273e-06,0.0024766550267224952,0.0004763658507888051,34520,0.37510196800030626
777,0.3720545435799016,0.3703839261044263,0.0020002147035506597,0.0001,2.5948643974360795e-06,0.0025945858640373295,0.0004647239629476026,34654,0.3720545435799016
778,0.37003515173999746,0.3705341671385499,0.002172847363563656,0.0001,2.878242297072908e-06,0.0026492816249663697,0.00047694136684309056,34936,0.37003515173999746
779,0.3683774184007719,0.37063989193677793,0.002054406133980734,0.0001,2.760463829132584e-06,0.0026873594110466874,0.00047073160489286535,35070,0.3683774184007719
780,0.3661720638653221,0.3707849755923917,0.0020974109228044974,0.0001,2.795577275751654e-06,0.002665741124313039,0.0004703745361034966,35293,0.3661720638653221
781,0.3683164724285395,0.3708982484024726,0.0020536816227818893,0.0001,2.6760778342581942e-06,0.0026061272639068714,0.0004894628477190394,35115,0.3683164724285395
782,0.3721191981113638,0.37101008216160763,0.0018522496887371659,0.0001,2.2844956966738185e-06,0.0024667254210541684,0.00047662336690766443,34850,0.3721191981113638
783,0.3715596410582169,0.3711163355768794,0.001974075790603455,0.0001,2.5541883998525937e-06,0.0025877308379044606,0.0004782707411142397,34716,0.3715596410582169
784,0.3722050996752458,0.37126280382273347,0.0021169231045614135,0.0001,2.671324259186708e-06,0.002523780153781406,0.00047646025928439577,34638,0.3722050996752458
785,0.374711529217413,0.371392212266471,0.001971016225396093,0.0001,2.382522039565968e-06,0.0024175570032024256,0.0004694027028475305,34523,0.374711529217413
786,0.37252617568889274,0.37154687834670874,0.0021048399227311483,0.0001,2.7315523513343615e-06,0.002595496523830675,0.0004777084400986609,34691,0.37252617568889274
787,0.37124985775219843,0.3716868663299916,0.0022037413616300162,0.0001,2.94586980170123e-06,0.0026735168227929366,0.00048189732903460757,34668,0.37124985775219843
788,0.3733840786894089,0.37178528243980774,0.0019527752835275993,0.0001,2.414102173907057e-06,0.0024724833361738294,0.0004740961800029374,34576,0.3733840786894089
789,0.3742057878108406,0.37185913984379354,0.0016884817954513245,0.0001,2.0614189473316122e-06,0.0024417425794994764,0.0004739007433412712,34508,0.3742057878108406
790,0.3758692014206361,0.372019924149555,0.002079211740805296,0.0001,2.4840160529533395e-06,0.0023893824801039833,0.0004703375410221439,34432,0.3758692014206361
791,0.3734257588668859,0.372097185950624,0.00172523035398307,0.0001,2.153980038262894e-06,0.0024970347099330377,0.00047908235973243094,34624,0.3734257588668859
792,0.3679251336873034,0.3721707080922925,0.001799289795580925,0.0001,2.3457119075054054e-06,0.002607375324715895,0.00047704932731136953,35046,0.3679251336873034
793,0.3701037330635879,0.372281091948528,0.0019448157754173472,0.0001,2.5053346658967265e-06,0.0025764236361761265,0.00048328375678912826,34957,0.3701037330635879
794,0.3712903593179797,0.3723933185583603,0.0019490029413369156,0.0001,2.5174794926048927e-06,0.0025833511476160533,0.00047629648005801967,34784,0.3712903593179797
795,0.37323390028819153,0.37251420196735074,0.0020824599986537825,0.0001,2.7585128370454766e-06,0.002649282904669219,0.0004715697587929134,34700,0.37323390028819153
796,0.37245303593190604,0.37260958122968907,0.0018172456499398462,0.0001,2.361195902741538e-06,0.002598653520309373,0.0004738274070634299,34710,0.37245303593190604
797,0.3703536612119114,0.3727234982183574,0.001894606904956794,0.0001,2.221807339648805e-06,0.002345401923571552,0.00045618129370320775,34780,0.3703536612119114
798,0.37173497827441293,0.3728345970258199,0.001891641791776516,0.0001,2.3414156048852994e-06,0.002475538037977458,0.00048120760715563804,34798,0.37173497827441293
799,0.3715556935964275,0.37292417229338165,0.001808073401081439,0.0001,2.160687698472767e-06,0.002390044228492521,0.00048007189907538385,34758,0.3715556935964275
800,0.37516382837499085,0.3730244836868951,0.001941873516538791,0.0001,2.455230758370217e-06,0.002528723665531458,0.0004716380989508983,34476,0.37516382837499085
801,0.3717320303242752,0.3731687151504993,0.0020989816607761883,0.0001,2.736591842889102e-06,0.0026075424040409483,0.0004938280963137822,34665,0.3717320303242752
802,0.37235350614332013,0.3733346456320121,0.002141980802955618,0.0001,2.618187292490295e-06,0.0024446412300965364,0.00048688420871367154,34701,0.37235350614332013
803,0.37543458091728454,0.3734722906562458,0.0019833488170675324,0.0001,2.3672530391115824e-06,0.0023871272856699696,0.00045213720674954616,34384,0.37543458091728454
804,0.37396034349049834,0.3736292253664268,0.0020983813723207943,0.0001,2.5840673292656096e-06,0.0024629148574719286,0.0004790734615369612,34544,0.37396034349049834
805,0.3682988395835447,0.37375786394051985,0.0019973740638298473,0.0001,2.4566020745649282e-06,0.002459831755154103,0.0004857321828892952,35087,0.3682988395835447
806,0.3746438955547666,0.3738554603941547,0.0019387179949377567,0.0001,2.4596169017045674e-06,0.0025373642872526534,0.0004898834044591813,34436,0.3746438955547666
807,0.37674843598871144,0.37395515317065503,0.0019341152473248957,0.0001,2.44180566955557e-06,0.0025249846646241665,0.0004803830983216809,34141,0.37674843598871144
808,0.3770288393510487,0.3740734905087612,0.0019869087756445177,0.0001,2.520042430671774e-06,0.0025366463338049507,0.0004858435240028279,34200,0.3770288393510487
809,0.3763231011339029,0.37415288831530624,0.0017018865725221984,0.0001,2.0291602447244764e-06,0.0023846010392070465,0.00046633782684906474,34520,0.3763231011339029
810,0.3760975058328472,0.37423862629116333,0.0019397559804877485,0.0001,2.4246332275765757e-06,0.0024999363342258192,0.0004797644682082018,34312,0.3760975058328472
811,0.3743191509911765,0.37438770009861516,0.002300411760151622,0.0001,3.1037364616492254e-06,0.0026984181835730623,0.0004782859058962331,34590,0.3743191509911765
812,0.37410040122114313,0.37453501811596185,0.0020817040483215215,0.0001,2.526465579839588e-06,0.0024273052472340412,0.00047206786617692636,34497,0.37410040122114313
813,0.3771304054205642,0.37458874640345824,0.0017684988787403477,0.0001,2.2531647910402486e-06,0.00254810994581474,0.0004594879706761208,34489,0.3771304054205642
814,0.3748731526956384,0.374705319606422,0.0020669768944662145,0.0001,2.6676857571173282e-06,0.0025812439067503393,0.0004756907852868823,34456,0.3748731526956384
815,0.37367530602839877,0.37477512045364314,0.001779120864284278,0.0001,2.1526070016412287e-06,0.002419854710103914,0.0004812351363838931,34623,0.37367530602839877
816,0.37115795241371385,0.3748397175179894,0.0018895255439906353,0.0001,2.476429857427279e-06,0.002621218713134849,0.0004778595003930911,34828,0.37115795241371385
817,0.3713871927737611,0.37493157249497067,0.0019743993028525733,0.0001,2.593719232325027e-06,0.0026273502311084415,0.0004826978618057703,34795,0.3713871927737611
818,0.3758111125162735,0.37503833451237945,0.0019380774183816727,0.0001,2.4686466307330587e-06,0.0025475211746643434,0.00048730265380059613,34351,0.3758111125162735
819,0.3745218015574685,0.37509540916917006,0.0017447528471013262,0.0001,2.1867939144510066e-06,0.0025067090941666295,0.0004669845486756901,34513,0.3745218015574685
820,0.37702008347909793,0.37520501932051004,0.002021281574261542,0.0001,2.6195275370737663e-06,0.0025919471788890054,0.00048104786490668595,34284,0.37702008347909793
821,0.3726205205618728,0.3753486211039862,0.0021083730343843406,0.0001,2.554037108498416e-06,0.0024227563783504867,0.0004774465795325401,34785,0.3726205205618728
822,0.3707785318445018,0.37544967121953743,0.0018882480823075713,0.0001,2.326591523198416e-06,0.002464285858408138,0.00047678070573561784,34643,0.3707785318445018
823,0.3803039669781134,0.37559006134788664,0.0020253824913806697,0.0001,2.42703515545092e-06,0.0023966190739571867,0.0004606808531869905,33982,0.3803039669781134
824,0.37865967742420537,0.3757205474087771,0.0020447776943154443,0.0001,2.4264326071923345e-06,0.0023732972185073267,0.00046508533062795314,34242,0.37865967742420537
825,0.37603096767473815,0.3757258728070423,0.0016630817463242715,0.0001,2.18715049777648e-06,0.0026302381138034853,0.00046416011541002987,34408,0.37603096767473815
826,0.37668478452695575,0.37586345235807583,0.002091322722258248,0.0001,2.5484355349962738e-06,0.0024371518636247843,0.0004798263104026738,34324,0.37668478452695575
827,0.37672140068985016,0.37601351686525525,0.002142520305119791,0.0001,2.701459628896682e-06,0.0025217587179372286,0.00047816091571590126,34350,0.37672140068985016
828,0.3799406114979823,0.3761164239921415,0.001938140581919649,0.0001,2.4599094540827536e-06,0.002538422111409807,0.0005087407514328356,34075,0.3799406114979823
829,0.37817469811327953,0.376256607280331,0.0019984741767807854,0.0001,2.374691699678786e-06,0.002376504762752577,0.0004616693005006941,34118,0.37817469811327953
830,0.37339677762545576,0.37635759615470277,0.0018781109233553636,0.0001,2.186955924510158e-06,0.0023288889887323836,0.0004735311453832723,34662,0.37339677762545576
831,0.3734256470044169,0.3764283583251118,0.001732632029593891,0.0001,2.0640491671584233e-06,0.002382559172292587,0.0004670614847685898,34599,0.3734256470044169
832,0.37818333724977304,0.3765533606069682,0.00209730290977354,0.0001,2.590025104154219e-06,0.0024698626908727086,0.00047769726706631255,34104,0.37818333724977304
833,0.3769837522731463,0.3766563277798456,0.002021616048224151,0.0001,2.4524369885202548e-06,0.002426214404732837,0.0004670456543921593,34451,0.3769837522731463
834,0.3735431328634948,0.3767898444260971,0.00206126793922589,0.0001,2.5272487364338857e-06,0.002452130252783143,0.0004727010314245085,34577,0.3735431328634948
835,0.3784161694700997,0.3769062910474977,0.002051885066298095,0.0001,2.4813796504572845e-06,0.002418634153748252,0.0004702475475314348,34119,0.3784161694700997
836,0.3744583755623523,0.37703915169961494,0.001997082554407699,0.0001,2.344172765734117e-06,0.002347597259372544,0.00047296774323208766,34617,0.3744583755623523
837,0.37839134139715974,0.3771478768592294,0.0018573460447589148,0.0001,2.1986580637220298e-06,0.002367526579041352,0.00045869645315220974,34161,0.37839134139715974
838,0.3768489658420964,0.37727808132009566,0.0019373804371600417,0.0001,2.2938016716680348e-06,0.0023679413992952897,0.0004686153064290509,34141,0.3768489658420964
839,0.3814297099703556,0.3773715773789575,0.0019183942532289054,0.0001,2.328964441665288e-06,0.00242803525682517,0.00046690909546682547,33884,0.3814297099703556
840,0.3761712738984052,0.37744066700763224,0.0017735306837380856,0.0001,2.122176406249302e-06,0.0023931657069235167,0.00048146149165110175,34363,0.3761712738984052
841,0.3762662134241288,0.3775215599629614,0.0019151427306013445,0.0001,2.511314413873842e-06,0.0026225872085108804,0.0004728907927837505,34381,0.3762662134241288
842,0.3793719832990571,0.3775972795801628,0.0018611360212186002,0.0001,2.309749119237997e-06,0.002482085234936952,0.000466103045899388,34186,0.3793719832990571
843,0.3770905844522615,0.37770263171901847,0.0018924336895722099,0.0001,2.1991296222088423e-06,0.002324128590953126,0.00046682604546711325,34300,0.3770905844522615
844,0.3789336884039299,0.37780478432187137,0.002030838561504938,0.0001,2.454040062542327e-06,0.0024167751283231276,0.00047345285143822767,34241,0.3789336884039299
845,0.37574281141824484,0.37788794998664466,0.0018546665949998877,0.0001,2.247074763664475e-06,0.002423157638922818,0.00047262624556978957,34289,0.37574281141824484
846,0.37412567502946875,0.37800021218095425,0.001971133981522215,0.0001,2.4613543497890224e-06,0.0024973993375003688,0.0004859942006363549,34622,0.37412567502946875
847,0.38253836978905564,0.3781357019541895,0.0020799402093653113,0.0001,2.5403242817027264e-06,0.002442689717968287,0.0004699352672287004,33906,0.38253836978905564
848,0.37903810606866756,0.3782309800430801,0.0018930027182144378,0.0001,2.3377684283245065e-06,0.0024699049883347137,0.0004713655815323968,34120,0.37903810606866756
849,0.3771818524686123,0.37835139789376127,0.0019759842557718252,0.0001,2.2650393732894654e-06,0.0022925682395224696,0.00045432294332984106,34255,0.3771818524686123
850,0.3820763307570749,0.37838392384013386,0.001519342304504265,0.0001,1.7255819018557292e-06,0.0022714853614488892,0.00046768715529339397,34005,0.3820763307570749
851,0.3771386715751396,0.37845134123666374,0.0017547270991629016,0.0001,2.138013667132728e-06,0.0024368617412390504,0.0004862879631106855,34280,0.3771386715751396
852,0.38217124744339603,0.37857747588623675,0.002011085526132116,0.0001,2.360897704772835e-06,0.0023478839403846797,0.000468741134812527,33890,0.38217124744339603
853,0.3766538511679469,0.3786802934261492,0.0018761955639632266,0.0001,2.255284674336382e-06,0.002404104047205375,0.0004572417197061408,34382,0.3766538511679469
854,0.38116568619350255,0.3788089230395317,0.0020139088223453034,0.0001,2.3971816484066796e-06,0.002380625797760828,0.0004756900800299259,34010,0.38116568619350255
855,0.37792475466079883,0.37884913748333116,0.0017484528309705872,0.0001,2.1888549786664937e-06,0.002503762114590685,0.000490943408812743,34240,0.37792475466079883
856,0.3808431324243379,0.37895003415019946,0.002117794967911241,0.0001,2.8453834745286835e-06,0.0026871189304364584,0.0004895462245973791,33948,0.3808431324243379
857,0.3761444510705557,0.3790786708616501,0.0020357354204104503,0.0001,2.356768271877594e-06,0.0023153974217360877,0.00047992726681196564,34390,0.3761444510705557
858,0.3752223250547594,0.379162948355745,0.0017644654883679468,0.0001,2.0724725416592376e-06,0.0023491222189629605,0.00047074417826364694,34355,0.3752223250547594
859,0.3793891857273136,0.3792848240978564,0.002137184341914091,0.0001,2.6170416799432226e-06,0.002449055637006366,0.000470663059991791,34156,0.3793891857273136
860,0.38087236350949716,0.3793463475641003,0.0017650797358492645,0.0001,2.024515113415557e-06,0.0022939644847732223,0.0004611377426943562,33881,0.38087236350949716
861,0.3821092440779061,0.3794683769125304,0.001872786097771873,0.0001,2.0287868532393254e-06,0.0021665975154910137,0.00047283860182023574,33923,0.3821092440779061
862,0.3814020783515252,0.3795476127019101,0.0018682667550357125,0.0001,2.170543434073321e-06,0.0023235904917997974,0.000473360306818936,33951,0.3814020783515252
863,0.384077372893895,0.37963876867915164,0.0018369054067809904,0.0001,2.2365005076068673e-06,0.0024350742279387492,0.0004646188503225224,33726,0.384077372893895
864,0.38406616634130786,0.3797189707299841,0.0017575577178792186,0.0001,2.0312035092267897e-06,0.0023113932345593404,0.0004674297820786925,33795,0.38406616634130786
865,0.37574558567026684,0.3798452120039997,0.002064144107229271,0.0001,2.4631152763273305e-06,0.0023865729797650647,0.0004733508300845463,34444,0.37574558567026684
866,0.3801319077069121,0.3799414680434187,0.0020439074045168278,0.0001,2.518733039599052e-06,0.00246462538765984,0.00047268116256001555,34152,0.3801319077069121
867,0.3821228195711162,0.38005255223585444,0.0018413154936763572,0.0001,1.9947037784353166e-06,0.0021666072818979053,0.00044631586083128676,33883,0.3821228195711162
868,0.3811874754773342,0.38016105579245135,0.0019806850171081775,0.0001,2.336806340847547e-06,0.0023595941006907904,0.00046450039656533305,33967,0.3811874754773342
869,0.38231205261840895,0.3802243922690601,0.0017426020571102083,0.0001,2.084389769056005e-06,0.002392272820465494,0.00045167041074543847,33793,0.38231205261840895
870,0.37834250898216565,0.38032790670849786,0.0018312820718812824,0.0001,2.0508356851373774e-06,0.002239781316736801,0.0004935865834298808,34100,0.37834250898216565
871,0.3790060523378954,0.38047108642731137,0.002109979291098201,0.0001,2.427485496721943e-06,0.0023009567031897146,0.0004714868275713738,34146,0.3790060523378954
872,0.38391968731108983,0.3805821043908357,0.001978867998451478,0.0001,2.2431814288878675e-06,0.002267135989508368,0.0004651667174842083,33776,0.38391968731108983
873,0.3829626445842965,0.38068266027933007,0.0020030758867945753,0.0001,2.4096746104808377e-06,0.0024059743581027497,0.00047485084794103317,33832,0.3829626445842965
874,0.3821961680147997,0.3807476906550497,0.0018471253664913594,0.0001,2.2079969401035597e-06,0.0023907385824035116,0.0004728310765597341,34017,0.3821961680147997
875,0.3798708814856718,0.38081920932048846,0.0018022819710592595,0.0001,2.1251204457009796e-06,0.00235825523400423,0.0004757520692030524,34097,0.3798708814856718
876,0.3831276268462296,0.3809270733892782,0.0020399066845412225,0.0001,2.4974164209769715e-06,0.0024485594756886078,0.00047879619484744555,33674,0.3831276268462296
877,0.3838409722976953,0.3810024799693712,0.00169616090073387,0.0001,1.934859673133797e-06,0.0022814576993216264,0.00046488112899982926,33741,0.3838409722976953
878,0.3805455363831224,0.38106169792103606,0.002026100485549692,0.0001,2.571367205692169e-06,0.0025382425245256707,0.0004821041806434748,33992,0.3805455363831224
879,0.3798413276661112,0.3811510458530444,0.0019680205490333427,0.0001,2.3909812778207336e-06,0.0024298336508682718,0.0004705290816781066,34169,0.3798413276661112
880,0.3803266463293527,0.381238527280186,0.0021316395608417067,0.0001,2.6136078309437066e-06,0.0024522042834593367,0.00048597525207609696,34003,0.3803266463293527
881,0.38407980986476914,0.381303240587197,0.00188678431705702,0.0001,2.3415598789249122e-06,0.002482064174221296,0.0004774658492863648,33861,0.38407980986476914
882,0.3809595424084575,0.3813933307443479,0.001854287397411929,0.0001,2.2438081890937843e-06,0.0024201299024363947,0.00048643606669787804,34007,0.3809595424084575
883,0.3824512643165907,0.38145082436681743,0.0017854892831075243,0.0001,2.084750990123943e-06,0.0023352153494817667,0.0004738225701868172,33900,0.3824512643165907
884,0.38126222474947224,0.3815538652864415,0.002017317776569835,0.0001,2.4225366058481953e-06,0.002401740205717492,0.0004799158270961838,34019,0.38126222474947224
885,0.3810375837835459,0.38164597345258927,0.0019298077415835979,0.0001,2.2361557753162263e-06,0.0023174907293938406,0.0004973471038945913,34007,0.3810375837835459
886,0.3817565747907823,0.381745261591026,0.0019115326950997745,0.0001,2.2245458800001703e-06,0.0023274996924748472,0.0004900230449644534,34030,0.3817565747907823
887,0.3849911344076345,0.3818284116485952,0.0019325055204597432,0.0001,2.2034986697742164e-06,0.0022804578268423303,0.0004785202629249329,33615,0.3849911344076345
888,0.38457840214809536,0.38197429926830717,0.0023670468008501447,0.0001,3.096972258843962e-06,0.0026167393544831124,0.0004833068369774444,33562,0.38457840214809536
889,0.3848339984636928,0.38204768158922364,0.0016826501576965953,0.0001,1.942977162338402e-06,0.002309424990632839,0.0004751887543930665,33633,0.3848339984636928
890,0.38573256450692606,0.3821673461108036,0.002001031209117984,0.0001,2.306893347706527e-06,0.002305704515946417,0.0004817206285863758,33761,0.38573256450692606
891,0.38641875405715376,0.3822754115813451,0.001982219778522393,0.0001,2.278895366285998e-06,0.002299336724391637,0.0004746005715684505,33526,0.38641875405715376
892,0.38531833472856963,0.38237134477751195,0.0019638150941228647,0.0001,2.3001563723296086e-06,0.0023425386424753706,0.00046461742492854213,33596,0.38531833472856963
893,0.3832855470188634,0.38244390833158015,0.0019279225937678245,0.0001,2.3242361548094922e-06,0.0024111301587758606,0.000483491222064389,33944,0.3832855470188634
894,0.3858057521755666,0.38254227942943864,0.0020190593511749426,0.0001,2.3254116982004483e-06,0.0023034604672192826,0.0004569862112866754,33527,0.3858057521755666
895,0.383947795437558,0.38265524803698253,0.0019931929117564333,0.0001,2.2391255672001733e-06,0.0022467725567286113,0.00047353709239268617,33817,0.383947795437558
896,0.38268478607299866,0.38271120445148177,0.0019208603953342531,0.0001,2.320659288238418e-06,0.0024162706398395965,0.00045889734630836306,34034,0.38268478607299866
897,0.3826192092879438,0.38273644580896554,0.0016343042524569627,0.0001,1.8729715595761338e-06,0.002292072062788022,0.0004746820001191758,33938,0.3826192092879438
898,0.3828788266240898,0.38280152887307506,0.0016901494350611721,0.0001,1.846034486514838e-06,0.002184463040036485,0.0004666924223778972,33863,0.3828788266240898
899,0.38524668452572725,0.3828838848062871,0.0018726161864799,0.0001,2.2296544068821272e-06,0.0023813255732594934,0.00046647138079884763,33678,0.38524668452572725
900,0.38829744623599804,0.3829881639895877,0.0019119584762345352,0.0001,2.1346022742206884e-06,0.0022328960599862337,0.00047724230325064785,33399,0.38829744623599804
901,0.38419417835325803,0.3830914639435643,0.0019318807022844333,0.0001,2.2038367819366358e-06,0.0022815454177171676,0.00047205780688232843,33762,0.38419417835325803
902,0.3828916947130758,0.38312927526648155,0.0017453426158864304,0.0001,2.073379383296983e-06,0.0023758995677120374,0.00045553190583065453,33886,0.3828916947130758
903,0.38273175478021165,0.38322952406558364,0.0018281011991354399,0.0001,2.108910284646685e-06,0.002307213939407783,0.00048268536565775923,33826,0.38273175478021165
904,0.381103442556992,0.383292845086673,0.0017306408209663794,0.0001,1.899576587269883e-06,0.0021952291477895115,0.0004755248052313073,33875,0.381103442556992
905,0.3831365075668234,0.3833884886374214,0.0018747584691795646,0.0001,2.072539433281386e-06,0.002210993541144929,0.0004538306271450214,33696,0.3831365075668234
906,0.38671414237564555,0.38349879571028855,0.00213033497214837,0.0001,2.589756524575437e-06,0.0024313139092522673,0.0004698428097532688,33548,0.38671414237564555
907,0.38722005668494525,0.3835386456150879,0.0016636142223570957,0.0001,1.9421797851825945e-06,0.002334892018933107,0.00048198746705566776,33602,0.38722005668494525
908,0.38743010962708224,0.38358535101695235,0.0016913748389842103,0.0001,2.0018457312727527e-06,0.002367122514929928,0.0004645417541431078,33505,0.38743010962708224
909,0.38571305122522154,0.38368752124117755,0.0019638495104479722,0.0001,2.252439751867111e-06,0.0022939026029069904,0.0004695351177168333,33570,0.38571305122522154
910,0.38418071567829803,0.38379206051778075,0.0019457177558676883,0.0001,2.152892644158997e-06,0.00221295471829512,0.0004764762858954734,33843,0.38418071567829803
911,0.3836760801660467,0.38384355046393104,0.0019389650890621359,0.0001,2.1839087412407935e-06,0.0022526540096677395,0.0004716557910366537,33765,0.3836760801660467
912,0.38524000887832266,0.3838706386298919,0.0016972050096216206,0.0001,1.9857296625702384e-06,0.0023399997658655773,0.00047371270368884834,33704,0.38524000887832266
913,0.3820625745751016,0.38395262931836527,0.0019087967029620958,0.0001,2.2331656167986016e-06,0.002339867428870917,0.00047955079690105223,33904,0.3820625745751016
914,0.3800301470450571,0.3840306278436923,0.0018968504550333153,0.0001,2.1822622108518837e-06,0.0023009322691319445,0.0004743883290365462,34113,0.3800301470450571
915,0.384539546341179,0.38408875792724245,0.001700029691280568,0.0001,1.9595724107824453e-06,0.0023053390429979776,0.00046359590016800125,33646,0.384539546341179
916,0.38543952974570167,0.38421138343567235,0.002140647202541795,0.0001,2.486276718783432e-06,0.0023229205782543134,0.00045746718102302424,33639,0.38543952974570167
917,0.38654944777002265,0.3843089238544126,0.0020621861330286572,0.0001,2.432301236773359e-06,0.002358954119433562,0.0004640667541383929,33402,0.38654944777002265
918,0.38612085302605187,0.38440666932735856,0.0019184708677091385,0.0001,2.1909027562960616e-06,0.0022840094089228847,0.0004958409863081995,33454,0.38612085302605187
919,0.38551800519202284,0.38445701678587146,0.0018198737030306318,0.0001,2.034986495546674e-06,0.002236404089094551,0.0004901547425994102,33601,0.38551800519202284
920,0.381296694490296,0.38451314323558416,0.0018751552059713507,0.0001,2.1757705548674775e-06,0.0023206298315348295,0.00046977485575142464,33976,0.381296694490296
921,0.3840549341865447,0.3845944039775835,0.0017826414588439912,0.0001,2.001034183793811e-06,0.0022450214807541195,0.00045520257051996497,33806,0.3840549341865447
922,0.3850078288059483,0.384662758966617,0.0018985305949693648,0.0001,2.4042392678755793e-06,0.002532736922171511,0.0004919604646234774,33716,0.3850078288059483
923,0.38725071574312764,0.3847418306734411,0.0017982547550754507,0.0001,1.9751807938230457e-06,0.0021967752769714455,0.00047359935263244744,33504,0.38725071574312764
924,0.3844424077456481,0.3848169512017485,0.0018662622161727985,0.0001,2.1649439576096883e-06,0.0023200855044361404,0.00047830339236234825,33689,0.3844424077456481
925,0.384641734064911,0.38493725943650625,0.0022885198004794394,0.0001,2.825020020369135e-06,0.002468862204973975,0.00047737368949643056,33732,0.384641734064911
926,0.38636018512611026,0.3850323183918273,0.001965795189175358,0.0001,2.2112418641059773e-06,0.0022497174438946346,0.0004686710246706472,33641,0.38636018512611026
927,0.38210718178075986,0.38512451500184713,0.001992248312285913,0.0001,2.469765070547539e-06,0.002479374739902498,0.00047469891391801436,33852,0.38210718178075986
928,0.38493080762209664,0.38516340241848446,0.0015988410457881178,0.0001,1.7918281913735282e-06,0.0022414087955695194,0.0004639911717321287,33738,0.38493080762209664
929,0.38645258480648187,0.3852362346265469,0.0018130358012044888,0.0001,1.9165970177757226e-06,0.0021142406746766204,0.00045943347040730336,33427,0.38645258480648187
930,0.38527986021815386,0.38528993237374515,0.0018336574666655055,0.0001,2.0809184797529704e-06,0.0022696916055288206,0.0004851517929541226,33685,0.38527986021815386
931,0.3831573009146111,0.38541273155778005,0.002231613682262565,0.0001,2.69058641938657e-06,0.0024113370882891047,0.00047367233575524724,33787,0.3831573009146111
932,0.38574273246582974,0.3854897252744996,0.0019073030673650564,0.0001,2.2420959717609405e-06,0.002351064191238785,0.0004757695763479225,33677,0.38574273246582974
933,0.3823760715248265,0.3855733679209615,0.0018316338350656113,0.0001,2.0332138480114304e-06,0.002220109509975937,0.0004961773721694492,33822,0.3823760715248265
934,0.3810843873973473,0.3856563899515719,0.001912662443158214,0.0001,2.1942912640611367e-06,0.002294488786466569,0.00048275668540338475,33939,0.3810843873973473
935,0.3835210208297567,0.3857500720538874,0.002016653651917773,0.0001,2.263541762284233e-06,0.002244849292918174,0.00047462080972093324,33712,0.3835210208297567
936,0.38702104975996776,0.38582149170112023,0.001768833279395393,0.0001,1.9626691400888094e-06,0.002219168039126527,0.00045817140373839954,33577,0.38702104975996776
937,0.3874429941136675,0.385855243401032,0.0015541035498110793,0.0001,1.746141568358655e-06,0.002247136709224968,0.00046918378841422293,33444,0.3874429941136675
938,0.3899227565790798,0.3858993527100868,0.0016795774579678171,0.0001,1.8141358100263866e-06,0.002160228814003466,0.00047396203456031183,33318,0.3899227565790798
939,0.3877780625037023,0.3859871630301284,0.0018599469520298425,0.0001,1.9736779936573327e-06,0.00212229493051226,0.000463923389457358,33411,0.3877780625037023
940,0.39123120161449987,0.3860435357495609,0.0018350094310014627,0.0001,2.2163868081202076e-06,0.002415668029466864,0.0004578363461861647,33171,0.39123120161449987
941,0.38193511533224495,0.38614905447581765,0.0019231658584261263,0.0001,2.0560133537671107e-06,0.002138155005985499,0.00048064306327538173,33765,0.38193511533224495
942,0.38612005692707974,0.38624073330183395,0.001791845967920942,0.0001,1.929642409012842e-06,0.0021538038911366737,0.0004562791772686678,33664,0.38612005692707974
943,0.38816913764892635,0.3862841668040887,0.0020321109706363458,0.0001,2.4765544595605726e-06,0.0024374204906585893,0.0004691417979897543,33345,0.38816913764892635
944,0.38398893299961845,0.3863235325401323,0.0017858701645355314,0.0001,1.9528857647616355e-06,0.002187041145031437,0.00045671537102614205,33715,0.38398893299961845
945,0.38543124446032867,0.38640729673381585,0.001982219101771136,0.0001,2.323655631131291e-06,0.002344499282702984,0.0004788258981308882,33647,0.38543124446032867
946,0.3868758392144464,0.38648843862743426,0.0017826825609127,0.0001,1.980812343198425e-06,0.002222282740214036,0.00047780951388747277,33530,0.3868758392144464
947,0.3868807179033596,0.3865379892034065,0.001690409368465676,0.0001,1.7940711671308548e-06,0.002122646976050859,0.00047990165712838434,33534,0.3868807179033596
948,0.385514427298326,0.3866544674869313,0.0020952905565487403,0.0001,2.3951769984552325e-06,0.0022862480728214132,0.00048222444261895777,33603,0.385514427298326
949,0.38509320656126306,0.3867461369144401,0.001979720378268948,0.0001,2.268756624234322e-06,0.0022919970407316867,0.0004756771040072574,33687,0.38509320656126306
950,0.3861781706161399,0.3867798535750863,0.0017547605014388732,0.0001,1.9913228073712115e-06,0.0022696234679756705,0.000482029371880157,33560,0.3861781706161399
951,0.38673351142208123,0.38685028019295026,0.0018390020155414032,0.0001,1.914448544090756e-06,0.0020820515996304014,0.0004595062504243731,33437,0.38673351142208123
952,0.3858494707261932,0.38691240810775934,0.0017950383582144432,0.0001,1.8777811683563287e-06,0.002092190576054532,0.000480014915306457,33587,0.3858494707261932
953,0.3865529189208903,0.38693621951457646,0.001597507802419269,0.0001,1.7538598770508795e-06,0.0021957449902840296,0.00045819652709349316,33657,0.3865529189208903
954,0.3878852466197142,0.3870031652220675,0.0018314848390548332,0.0001,1.9737816150122955e-06,0.0021553895210302655,0.00047200884641564504,33442,0.3878852466197142
955,0.3872856410752569,0.38710294636728787,0.0021152714473888683,0.0001,2.506760193433317e-06,0.0023701546168249095,0.00046214328750417643,33537,0.3872856410752569
956,0.3931281836994316,0.38728498414791046,0.0001,0.006964911223062534,1.6229681310750508e-06,0.002092405891488544,0.0004660412973250841,33047,0.3931281836994316
957,0.3870616632562559,0.3873384726848899,0.0018524888741559295,0.0001,2.1132567053854315e-06,0.0022815324128176674,0.0004755938074887627,33508,0.3870616632562559
958,0.383041011717499,0.3874039236669775,0.0018893277007367858,0.0001,2.255832815422045e-06,0.002387974107977491,0.0004601198553857331,33903,0.383041011717499
959,0.38720275432376894,0.38745641936788183,0.0018315206513943312,0.0001,2.080072990741128e-06,0.0022714163655840566,0.00046280406737591435,33566,0.38720275432376894
960,0.3910732203095473,0.3875482648464715,0.0018083566934920896,0.0001,1.929864046534174e-06,0.00213438427659694,0.0004604552866122649,33124,0.3910732203095473
961,0.3857647060306568,0.387611027329386,0.0018491591603752295,0.0001,2.151850358747017e-06,0.0023273825259155787,0.0004808079258344836,33520,0.3857647060306568
962,0.38613310814784774,0.3876342927196989,0.0017593090444741168,0.0001,2.2194398456965727e-06,0.002523081266100119,0.0004774951296875608,33595,0.38613310814784774
963,0.3917276676357627,0.387732870110012,0.00204214251421947,0.0001,2.256740898341701e-06,0.0022101698413582588,0.00046658102921426077,33146,0.3917276676357627
964,0.39046359968602207,0.38783384104858076,0.0019449617658466112,0.0001,2.02616150010266e-06,0.0020834975120662116,0.00046914375819487927,33297,0.39046359968602207
965,0.3858370595033892,0.3879377999560009,0.0019460370186848647,0.0001,2.0535217290086493e-06,0.0021104652268089156,0.00045016916898963554,33594,0.3858370595033892
966,0.3922286536060624,0.38800516505791766,0.0019522071664518459,0.0001,2.111984623383247e-06,0.0021636890384147066,0.00047381024842780704,33121,0.3922286536060624
967,0.3878485913859977,0.3880708970611663,0.0017596084652729367,0.0001,1.8207195277830339e-06,0.0020694598414546933,0.00046469355866986034,33509,0.3878485913859977
968,0.3893276478865374,0.38812705283232446,0.0017904232842857327,0.0001,1.9407572152339484e-06,0.0021679311616059436,0.0004674836867608645,33285,0.3893276478865374
969,0.38769383932279766,0.3881805048983409,0.001819236634525438,0.0001,2.0016142970846797e-06,0.0022004991094595194,0.0004604185664673676,33502,0.38769383932279766
970,0.3900809040964762,0.38828322817247835,0.0019804965316566445,0.0001,2.1348801339116827e-06,0.0021559039359951813,0.00046628740420699027,33196,0.3900809040964762
971,0.38694515146646036,0.3883300220528491,0.0016859946881301114,0.0001,1.9644779502394607e-06,0.0023303489199224077,0.0004707716386226045,33500,0.38694515146646036
972,0.38674958484774163,0.3884529543655474,0.0022015212658919284,0.0001,2.4528128499309247e-06,0.002228289036251655,0.0004755325879238298,33434,0.38674958484774163
973,0.3864945894150058,0.38848323858387995,0.0016342836805636495,0.0001,1.9409955404540516e-06,0.0023753471487699363,0.00045824192575069287,33537,0.3864945894150058
974,0.38997070874139994,0.3885553235121079,0.001883906911402213,0.0001,2.07358979051186e-06,0.0022013718172183613,0.0004688881476728814,33261,0.38997070874139994
975,0.38990644530480056,0.3886767808838154,0.002024674426994443,0.0001,2.128209377406438e-06,0.0021022731843022184,0.00048071077955826817,33190,0.38990644530480056
976,0.39049515598087203,0.38874873977532814,0.0019115555168622354,0.0001,2.054811692399905e-06,0.0021498843996671574,0.0004707237410860324,33186,0.39049515598087203
977,0.3901624219779161,0.38877173970898454,0.0016221467483144526,0.0001,1.8042844444946763e-06,0.00222456377188991,0.0004660597897276378,33251,0.3901624219779161
978,0.3915964590779905,0.3888207328172994,0.0018601241988274037,0.0001,2.1721951001340956e-06,0.0023355377038838773,0.00046684176750339586,33194,0.3915964590779905
979,0.39012132514585574,0.3888867737603514,0.002111947376875911,0.0001,2.5445139773321578e-06,0.002409637669188632,0.00048216149602439614,33295,0.39012132514585574
980,0.38624031844726303,0.3889648804940973,0.0017838070096068933,0.0001,1.974552254587737e-06,0.0022138630961236992,0.0004828644241299134,33517,0.38624031844726303
981,0.3892902996527805,0.38904180130860305,0.0017994670820710083,0.0001,1.887148606936423e-06,0.002097452768921454,0.0004736272089234968,33168,0.3892902996527805
982,0.38652043609884135,0.3891131686463751,0.0019368218388799545,0.0001,2.2446201772554426e-06,0.00231783856645636,0.000473453935648203,33619,0.38652043609884135
983,0.3914373387721296,0.38917940634218395,0.0018540864281215744,0.0001,2.074455061868742e-06,0.0022377112850887207,0.0004666596774365855,33279,0.3914373387721296
984,0.3891561539418437,0.38924732518096367,0.001814603917775043,0.0001,1.9318187225512594e-06,0.0021291905121861945,0.0004658450640817046,33411,0.3891561539418437
985,0.3925207359235718,0.38935613789094203,0.0020786210119505067,0.0001,2.256218345126451e-06,0.0021708799556579995,0.00046727482898867507,33091,0.3925207359235718
986,0.3920882798637957,0.3894239615498097,0.0017500324041373233,0.0001,1.8338949705302167e-06,0.002095841158363274,0.0004703123294886103,33090,0.3920882798637957
987,0.38759426115955276,0.38950552322194654,0.0018755362654662962,0.0001,1.9883717867106427e-06,0.002120323475820707,0.0004552634568231118,33439,0.38759426115955276
988,0.38715114736265777,0.3896068863935254,0.002034871105067835,0.0001,2.300026805147644e-06,0.002260611789532458,0.0004634625993903929,33474,0.38715114736265777
989,0.38520103436319847,0.3896532914948876,0.0017234395860607256,0.0001,1.9570281984678375e-06,0.0022710725856553257,0.0004732142260814081,33637,0.38520103436319847
990,0.38817849963032763,0.3897076599199712,0.0018689730939420582,0.0001,2.1520783432841465e-06,0.0023029527287040394,0.00045851830759060705,33377,0.38817849963032763
991,0.38871581019677215,0.38980283251569736,0.0019981847859839256,0.0001,2.1344014841947326e-06,0.0021363404417512194,0.0004497769492793094,33353,0.38871581019677215
992,0.38706720549418944,0.38988368201227797,0.002004970073050022,0.0001,2.174533533867096e-06,0.0021691431339512495,0.0004780990200195992,33498,0.38706720549418944
993,0.3903950244739015,0.38998580997207954,0.002023105750717367,0.0001,2.1482880333300107e-06,0.002123752584429416,0.00045830072763161644,33230,0.3903950244739015
994,0.3858537386697196,0.3900213678256985,0.0020254276608669083,0.0001,2.4902438362949683e-06,0.0024589807717241433,0.00047231864002602805,33483,0.3858537386697196
995,0.38850818189099,0.3900821290095517,0.0018403580384209436,0.0001,2.2251190076249258e-06,0.0024181370811237504,0.0004691605390550189,33339,0.38850818189099
996,0.38915883631216397,0.39012779644232165,0.0018297008291230273,0.0001,1.966232971119702e-06,0.00214923985366735,0.00045829153721979474,33338,0.38915883631216397
997,0.3886371293160332,0.39022677013888457,0.0020117088243562526,0.0001,2.155312119043934e-06,0.0021427674750431483,0.00046779572995496644,33369,0.3886371293160332
998,0.39271938206050744,0.390280507922197,0.001768923112866984,0.0001,1.9058471581646761e-06,0.0021548106238216003,0.00046082802058845367,33053,0.39271938206050744
999,0.3901245850744033,0.3903598013207252,0.0017785488979682044,0.0001,1.917234183861012e-06,0.0021559533010885906,0.00047130865641237306,33398,0.3901245850744033
